"FrP" "Skepsis" "Utjevn" "Inntekt" "Utdanning" "Kvinne"
"1" 1 3 2 6 9 0
"4" 0 5 2 1 13 0
"5" 1 4 2 3 12 0
"7" 0 5.33333333333333 3 3 10 1
"10" 0 4.66666666666667 2 1 13 1
"12" 1 7.33333333333333 5 7 14 1
"14" 1 3.33333333333333 2 9 12 0
"15" 1 4 3 6 14 1
"17" 0 4.66666666666667 3 4 14 1
"21" 0 5.33333333333333 2 6 16 1
"32" 1 5.33333333333333 1 3 13 1
"33" 1 5 4 3 9 1
"35" 1 5 2 1 10 1
"36" 1 5.66666666666667 2 5 10 0
"46" 0 2.66666666666667 3 6 17 0
"47" 0 5.66666666666667 4 6 10 1
"48" 0 5.33333333333333 3 6 10 1
"49" 1 6 3 2 16 0
"54" 0 6.66666666666667 3 7 16 1
"55" 0 4.33333333333333 4 8 14 1
"57" 1 4.66666666666667 4 1 16 0
"64" 0 2.33333333333333 2 3 14 1
"66" 0 7.33333333333333 2 8 12 0
"67" 0 4.33333333333333 2 10 13 1
"70" 0 4 3 4 12 0
"76" 0 5 3 7 16 1
"81" 1 6.33333333333333 2 3 9 1
"87" 1 5.66666666666667 2 2 10 1
"88" 0 2.66666666666667 3 4 12 1
"90" 1 4.33333333333333 1 2 10 0
"105" 1 4 3 4 14 0
"107" 0 4 3 6 13 0
"109" 0 3.66666666666667 3 8 13 0
"110" 0 2.66666666666667 3 4 14 0
"112" 0 3.33333333333333 3 3 18 1
"114" 1 7 3 3 12 0
"115" 1 5.33333333333333 2 5 15 0
"118" 0 4 4 7 20 1
"122" 1 6 3 6 18 1
"125" 0 3 4 10 13 0
"128" 0 2.66666666666667 4 10 16 0
"129" 0 4.33333333333333 2 3 15 1
"132" 0 2.66666666666667 3 8 16 0
"138" 0 2.33333333333333 4 2 15 0
"143" 0 4.66666666666667 3 5 11 0
"145" 0 6.66666666666667 4 8 13 0
"146" 0 4.66666666666667 3 4 12 1
"149" 0 5 4 9 17 1
"150" 0 5.66666666666667 4 10 17 0
"152" 0 2.66666666666667 2 5 18 0
"154" 0 6 3 7 16 0
"156" 0 4.66666666666667 3 5 18 1
"157" 0 3.33333333333333 2 10 16 1
"158" 1 6.33333333333333 2 5 12 1
"159" 0 4 4 8 17 0
"164" 0 4.66666666666667 3 6 22 1
"165" 0 3.66666666666667 4 8 16 1
"166" 0 4.66666666666667 2 7 16 0
"167" 1 6 5 4 13 0
"171" 0 4.66666666666667 3 6 16 0
"173" 0 2 2 8 21 0
"174" 0 2.33333333333333 1 7 19 1
"175" 0 6 1 9 13 1
"176" 0 3 2 9 18 1
"180" 0 2.66666666666667 2 10 17 0
"181" 0 5.66666666666667 4 9 18 0
"182" 1 6 2 2 10 1
"184" 0 6 2 8 10 1
"190" 0 5 4 4 18 1
"195" 1 4.66666666666667 3 5 15 0
"196" 0 8 4 4 17 1
"205" 0 4 2 4 10 0
"206" 1 3.33333333333333 2 2 11 0
"207" 0 2.33333333333333 4 10 16 0
"208" 1 2.5 4 6 19 0
"211" 0 6 3 7 14 0
"212" 0 5 4 8 11 1
"213" 0 6.33333333333333 4 1 11 1
"216" 0 6.66666666666667 3 9 13 0
"218" 1 7.33333333333333 3 7 12 0
"220" 0 4 3 6 11 0
"222" 1 7 4 8 17 0
"229" 0 2.33333333333333 2 10 15 1
"230" 0 5 4 3 18 1
"231" 0 3.66666666666667 4 10 17 1
"232" 0 4.66666666666667 4 2 15 1
"233" 0 4 2 8 12 0
"240" 0 4.33333333333333 2 5 14 1
"241" 1 8.33333333333333 3 4 11 0
"243" 0 5.66666666666667 2 NA 11 1
"248" 1 3 2 5 15 0
"249" 0 6.33333333333333 1 NA 10 0
"250" 0 7.66666666666667 3 5 15 0
"255" 1 5 1 6 10 0
"261" 0 8 4 4 13 0
"265" 1 6 3 5 16 1
"266" 1 6 1 4 16 0
"267" 0 4.33333333333333 4 3 9 1
"269" 0 2.33333333333333 2 7 18 0
"271" 0 4 2 2 18 1
"280" 0 3.66666666666667 4 10 13 0
"282" 0 5.33333333333333 4 1 16 0
"284" 0 4.33333333333333 3 1 13 1
"286" 0 3.33333333333333 2 5 15 1
"290" 0 5 2 3 11 0
"291" 0 5 4 10 18 1
"292" 0 3.66666666666667 4 8 13 0
"295" 0 1.33333333333333 4 8 17 0
"299" 0 1 2 9 22 0
"301" 0 7 2 9 14 1
"302" 0 6.33333333333333 2 4 16 1
"304" 0 4.33333333333333 4 5 19 1
"311" 0 3.66666666666667 4 8 18 1
"317" 0 7 2 9 14 1
"320" 0 5.66666666666667 4 4 18 0
"321" 1 5 3 10 16 1
"322" 0 5 2 10 15 1
"323" 0 4.33333333333333 5 5 16 1
"326" 0 3 2 10 15 1
"329" 0 6 4 3 15 1
"337" 0 4.33333333333333 4 8 18 0
"340" 0 4.33333333333333 4 10 16 0
"344" 0 5 2 3 20 0
"346" 1 5 2 2 11 0
"347" 0 5 2 2 0 0
"358" 0 4.66666666666667 4 6 17 1
"359" 0 3.66666666666667 2 2 18 0
"364" 0 6.33333333333333 3 6 15 1
"369" 1 6 4 4 13 1
"371" 0 4.33333333333333 2 10 18 1
"372" 0 4.66666666666667 3 7 17 1
"373" 0 3.33333333333333 3 7 15 0
"376" 0 4.33333333333333 4 5 15 0
"379" 0 5.66666666666667 3 5 17 0
"383" 0 5.33333333333333 3 2 14 1
"388" 1 6.33333333333333 2 2 9 1
"389" 0 6.66666666666667 2 5 12 0
"391" 0 2.66666666666667 2 6 12 1
"395" 0 5 2 8 13 1
"403" 0 6 1 7 10 1
"405" 1 6 4 3 15 0
"406" 1 6 5 8 19 0
"409" 0 4.33333333333333 2 8 18 1
"412" 0 2.66666666666667 3 9 13 0
"413" 0 3.66666666666667 2 2 11 1
"421" 0 1.66666666666667 3 8 16 0
"424" 0 5.33333333333333 2 10 13 0
"428" 0 3.33333333333333 4 9 16 1
"429" 1 4.66666666666667 2 4 13 1
"433" 0 5.33333333333333 3 6 18 1
"434" 0 3.33333333333333 3 5 19 1
"436" 0 6 2 6 9 0
"439" 0 4.33333333333333 2 5 15 0
"440" 0 4.33333333333333 2 10 15 0
"442" 0 2.66666666666667 5 9 12 0
"448" 0 5.66666666666667 3 2 13 1
"449" 0 2 1 6 11 1
"450" 1 4.33333333333333 4 5 14 0
"452" 1 3 2 3 8 0
"455" 0 5.33333333333333 3 7 12 1
"476" 0 7.66666666666667 2 4 15 1
"483" 1 6 2 1 13 1
"484" 1 4.66666666666667 3 1 13 0
"486" 1 6.66666666666667 2 8 13 0
"488" 0 3.66666666666667 3 2 11 1
"492" 1 2.33333333333333 4 4 17 0
"496" 0 2.66666666666667 3 7 15 0
"498" 0 5.33333333333333 4 5 14 0
"499" 1 4.33333333333333 2 2 11 0
"501" 0 4 1 4 15 1
"507" 0 3.33333333333333 2 3 17 0
"508" 0 6 4 4 17 0
"510" 1 7 1 2 12 1
"512" 0 5.66666666666667 4 10 14 0
"518" 0 8 2 6 14 1
"522" 0 3 2 3 22 0
"530" 0 2.33333333333333 2 3 20 1
"531" 1 5.66666666666667 3 1 7 0
"532" 1 5.66666666666667 5 2 13 0
"534" 0 4.33333333333333 3 9 13 0
"537" 0 2.33333333333333 5 10 15 0
"540" 0 5.33333333333333 4 4 18 0
"543" 1 8.66666666666667 1 4 12 0
"544" 1 4 1 4 11 0
"547" 0 7 4 6 14 0
"552" 0 5.66666666666667 3 1 18 1
"553" 0 3.33333333333333 2 4 13 1
"556" 0 5.33333333333333 3 3 16 1
"560" 1 4.33333333333333 4 10 15 0
"561" 0 5.66666666666667 3 10 16 0
"564" 1 4.66666666666667 3 6 11 0
"566" 0 3 2 8 14 0
"569" 0 3.33333333333333 2 7 10 1
"571" 0 3.66666666666667 2 9 18 0
"575" 0 4.33333333333333 1 6 15 1
"576" 0 6 2 4 13 1
"577" 1 7 3 6 7 0
"580" 0 6.66666666666667 2 3 10 0
"581" 1 9.5 2 1 10 1
"583" 0 3.66666666666667 3 7 14 1
"588" 0 5.66666666666667 2 3 13 0
"593" 1 5 2 9 14 0
"596" 0 3.66666666666667 4 3 13 0
"598" 0 2.66666666666667 2 5 12 0
"599" 1 7 3 4 18 0
"601" 0 7 2 10 13 0
"604" 0 7 1 7 13 0
"607" 1 5.66666666666667 2 1 7 0
"608" 0 2 4 10 14 0
"614" 0 5.33333333333333 3 8 16 0
"615" 1 6 1 1 9 1
"619" 0 5.33333333333333 2 7 4 1
"620" 1 6 1 9 11 0
"623" 0 5.33333333333333 1 7 12 0
"624" 1 3.33333333333333 2 3 15 1
"626" 0 2.66666666666667 5 3 22 1
"631" 0 3.66666666666667 3 9 17 1
"632" 0 4 4 NA 12 0
"634" 0 5.33333333333333 3 5 10 0
"636" 0 4.66666666666667 3 6 14 0
"637" 1 5.33333333333333 5 5 16 0
"639" 0 3.66666666666667 2 5 17 1
"641" 0 3.33333333333333 2 6 14 0
"642" 0 4.33333333333333 4 6 20 0
"644" 0 3 3 3 13 0
"646" 1 5.33333333333333 4 5 14 1
"650" 0 4.33333333333333 3 8 17 1
"651" 1 6 2 2 12 0
"653" 1 6 2 7 15 0
"655" 0 6.66666666666667 4 7 3 0
"661" 0 4.33333333333333 2 10 16 1
"663" 1 9.33333333333333 2 8 15 0
"668" 0 4.66666666666667 2 7 15 0
"672" 0 4.33333333333333 3 10 12 1
"674" 0 4 2 7 11 1
"676" 0 3 1 NA 16 1
"679" 0 5.33333333333333 4 10 12 0
"681" 0 4.33333333333333 3 10 17 0
"686" 0 5.33333333333333 1 1 18 1
"687" 1 7 3 3 11 0
"688" 0 7.33333333333333 4 7 17 1
"691" 0 5 2 NA 13 1
"695" 0 4.66666666666667 3 8 14 1
"696" 0 6.33333333333333 4 5 13 1
"697" 1 5.66666666666667 1 6 12 1
"698" 0 5 4 4 14 0
"702" 0 7.66666666666667 4 10 17 0
"707" 1 NA 3 2 23 1
"708" 1 6.33333333333333 3 NA 14 0
"710" 0 5 4 5 17 1
"715" 1 5.66666666666667 3 7 16 0
"720" 0 3.33333333333333 4 4 16 0
"725" 0 4.33333333333333 3 2 11 0
"727" 1 3.33333333333333 3 7 12 0
"728" 0 4.33333333333333 2 5 16 0
"729" 1 5.66666666666667 2 8 12 0
"730" 0 3.33333333333333 3 4 17 1
"734" 0 3 5 6 14 0
"737" 0 3.66666666666667 2 9 14 1
"740" 1 7.66666666666667 2 3 13 1
"741" 1 5.66666666666667 4 2 20 0
"742" 0 3.66666666666667 4 1 17 1
"743" 0 5.33333333333333 2 4 13 1
"746" 0 4.66666666666667 3 8 10 1
"748" 0 7 3 1 15 1
"751" 0 5 3 4 11 1
"756" 0 5.33333333333333 4 8 13 1
"762" 1 3.66666666666667 2 4 9 0
"772" 0 4.66666666666667 2 2 19 1
"775" 0 3.66666666666667 2 8 15 0
"777" 1 6 4 2 16 1
"778" 0 6 2 4 11 0
"784" 0 7 2 4 12 1
"785" 0 5.66666666666667 2 3 11 1
"787" 0 2.66666666666667 3 10 14 0
"793" 1 7.66666666666667 1 3 14 0
"795" 0 3.66666666666667 2 4 8 0
"797" 1 7.66666666666667 3 7 16 0
"799" 1 6 3 1 7 0
"800" 0 6.33333333333333 4 8 17 0
"803" 0 2.66666666666667 4 10 17 0
"805" 0 4 5 7 15 0
"807" 0 6 3 5 9 1
"809" 1 5.66666666666667 2 2 12 1
"811" 1 8.66666666666667 4 6 9 0
"812" 0 2 3 10 16 1
"813" 0 4.66666666666667 4 8 17 1
"814" 0 5.33333333333333 4 10 12 0
"815" 1 6.33333333333333 4 8 17 0
"817" 1 5.66666666666667 4 7 13 1
"820" 0 4.33333333333333 1 5 20 1
"827" 0 3.33333333333333 2 2 16 0
"829" 0 5 3 10 16 1
"832" 0 5 4 10 3 0
"833" 0 4 4 10 14 0
"835" 0 2.66666666666667 3 7 15 1
"838" 0 3.66666666666667 2 8 14 0
"840" 1 6.66666666666667 5 10 17 0
"843" 1 6 4 10 17 0
"844" 1 2.66666666666667 2 4 7 0
"847" 0 5 2 9 15 1
"853" 0 5 3 10 18 1
"859" 1 3 3 NA 11 1
"861" 1 6 2 3 10 0
"864" 0 3.33333333333333 3 3 14 0
"866" 1 2.66666666666667 4 9 14 0
"872" 0 8 4 7 12 0
"873" 0 2.66666666666667 4 5 14 1
"879" 0 1.66666666666667 3 3 12 0
"884" 0 2.66666666666667 2 10 17 0
"885" 0 2 2 9 14 0
"887" 1 8.33333333333333 3 1 18 0
"892" 0 5.66666666666667 4 7 16 1
"893" 0 4 3 5 11 0
"894" 0 4.33333333333333 2 9 13 0
"895" 0 5.33333333333333 2 9 17 0
"896" 0 8.33333333333333 3 NA 16 1
"899" 0 2.66666666666667 3 10 11 0
"906" 0 6.66666666666667 1 7 13 0
"907" 1 5.66666666666667 3 4 9 0
"908" 1 8.33333333333333 2 8 12 1
"912" 1 5 2 6 18 0
"913" 0 4 4 3 12 0
"915" 0 4 3 6 11 0
"916" 1 5.33333333333333 2 8 7 1
"924" 0 4.66666666666667 4 10 20 1
"925" 0 1 3 10 23 0
"926" 1 5.66666666666667 4 7 12 0
"929" 0 3.66666666666667 4 8 24 0
"934" 0 2.5 2 10 21 0
"939" 1 5 1 NA 14 1
"940" 0 3.33333333333333 3 8 18 1
"941" 0 4.66666666666667 2 8 18 0
"942" 0 5 3 9 23 0
"949" 0 5 3 4 13 0
"954" 0 4.33333333333333 2 3 18 1
"956" 0 5.66666666666667 4 7 11 1
"965" 0 4 2 9 17 1
"966" 0 7.33333333333333 2 4 12 0
"967" 0 4 2 3 12 0
"968" 0 1.66666666666667 3 1 7 1
"971" 0 5.33333333333333 2 7 14 0
"972" 1 5.66666666666667 3 7 14 0
"973" 0 5.66666666666667 2 5 15 1
"974" 0 5 3 6 9 0
"977" 0 5.33333333333333 2 4 12 0
"978" 0 2.33333333333333 2 8 9 1
"980" 0 4 3 3 12 0
"981" 0 4.33333333333333 2 7 12 0
"984" 1 4.33333333333333 2 5 10 1
"985" 0 8.33333333333333 2 5 15 1
"986" 0 2.66666666666667 3 1 15 1
"989" 0 3.66666666666667 2 4 12 0
"993" 1 3.66666666666667 3 3 12 0
"996" 1 8.33333333333333 1 2 10 0
"998" 0 5 4 3 15 0
"1001" 0 6 4 10 12 0
"1002" 0 7 2 4 13 0
"1007" 0 3.33333333333333 3 2 10 1
"1009" 0 6.5 3 3 12 0
"1012" 0 3.33333333333333 3 4 13 0
"1013" 0 4 1 8 12 1
"1016" 0 7 2 7 12 0
"1018" 0 3 2 3 8 0
"1025" 0 4 2 3 18 0
"1026" 0 5.66666666666667 2 4 12 0
"1032" 0 6.66666666666667 4 5 15 0
"1035" 0 6.66666666666667 2 3 15 1
"1036" 1 2.33333333333333 2 9 17 0
"1037" 0 4.66666666666667 3 4 17 0
"1040" 0 2.66666666666667 4 4 15 1
"1046" 1 6.33333333333333 2 7 12 0
"1048" 1 5.33333333333333 3 3 14 0
"1049" 0 5 2 3 13 0
"1054" 0 4 2 4 14 0
"1062" 0 5 4 5 13 0
"1067" 1 4.66666666666667 1 2 13 0
"1077" 0 4 4 10 12 0
"1084" 0 6.33333333333333 4 1 16 1
"1085" 0 4.33333333333333 NA 6 11 0
"1097" 0 4.66666666666667 3 9 12 1
"1099" 1 5.66666666666667 3 3 12 0
"1102" 0 6 4 4 11 0
"1106" 0 5.33333333333333 1 9 14 0
"1107" 0 3.66666666666667 3 9 20 0
"1108" 0 4.66666666666667 2 2 8 1
"1109" 0 5.33333333333333 3 9 16 0
"1112" 0 4.66666666666667 3 3 14 1
"1114" 1 5.66666666666667 1 3 14 1
"1118" 1 6 2 6 16 0
"1120" 0 5 4 10 19 1
"1122" 0 5.66666666666667 4 10 17 0
"1125" 1 5.66666666666667 4 6 11 0
"1131" 0 6.33333333333333 2 5 9 0
"1133" 1 4.33333333333333 4 1 7 0
"1137" 0 6 2 4 12 1
"1140" 0 4.33333333333333 2 7 18 1
"1143" 0 3.33333333333333 2 5 17 0
"1145" 0 4 2 3 17 1
"1147" 0 4 3 NA 16 1
"1150" 1 4 2 7 13 1
"1154" 1 4.33333333333333 2 4 11 0
"1168" 0 6.33333333333333 2 8 12 0
"1180" 1 4.33333333333333 1 5 12 0
"1184" 0 4 4 8 13 0
"1189" 0 5 2 2 13 1
"1194" 0 6 2 5 13 0
"1198" 0 2.66666666666667 2 7 16 0
"1201" 0 3.33333333333333 2 8 16 1
"1202" 1 7 1 NA 12 1
"1207" 0 3.33333333333333 4 5 14 0
"1210" 0 4.33333333333333 3 9 17 1
"1211" 0 2.33333333333333 2 10 17 0
"1212" 1 3.33333333333333 4 2 12 0
"1215" 1 4 1 2 15 1
"1217" 0 4.33333333333333 3 8 14 0
"1230" 0 5 2 6 12 0
"1234" 0 5 2 3 19 0
"1242" 1 7 3 2 10 1
"1248" 1 3 2 2 12 0
"1258" 0 4.33333333333333 3 4 12 0
"1263" 1 4.33333333333333 4 4 15 0
"1265" 0 5.66666666666667 3 1 13 0
"1269" 1 5 2 3 13 0
"1271" 0 5.66666666666667 4 10 12 0
"1283" 1 6.33333333333333 1 2 11 1
"1285" 1 4.66666666666667 4 3 15 1
"1290" 1 5.66666666666667 3 2 19 1
"1295" 0 5.33333333333333 3 10 17 1
"1306" 0 4.66666666666667 2 10 14 0
"1307" 0 6 2 3 15 1
"1308" 0 4.33333333333333 2 6 12 1
"1312" 1 4.66666666666667 2 NA 11 1
"1320" 0 6.66666666666667 3 NA 8 1
"1323" 0 2.33333333333333 2 NA 15 1
"1329" 0 4.33333333333333 2 4 11 0
"1331" 0 2.66666666666667 2 10 15 0
"1333" 0 6.66666666666667 4 1 12 0
"1336" 0 2.33333333333333 4 6 18 0
"1338" 0 5.33333333333333 3 2 17 1
"1341" 1 3.66666666666667 1 7 11 0
"1350" 1 9 2 6 10 0
"1353" 0 6.33333333333333 3 7 14 0
"1357" 0 6 2 4 13 1
"1359" 1 5.33333333333333 2 8 9 0
"1360" 0 6.33333333333333 2 5 11 0
"1362" 1 5 2 4 15 1
"1365" 1 5 1 4 15 1
"1380" 0 6.33333333333333 2 10 12 1
"1384" 1 5.66666666666667 3 3 15 0
"1385" 1 9 2 2 13 0
"1389" 1 9.33333333333333 5 8 11 0
"1390" 0 4.33333333333333 2 9 16 1
"1394" 0 8.33333333333333 1 4 13 1
"1398" 0 4.33333333333333 4 2 14 0
"1403" 1 6.66666666666667 1 NA 13 1
"1409" 0 4 1 4 8 1
"1414" 0 3 3 8 16 0
"1422" 1 6 4 3 13 0
"1423" 1 6.33333333333333 1 4 10 1
"1426" 1 7 2 5 12 0
"1429" 1 3.66666666666667 3 NA NA 0
"1433" 0 2.66666666666667 2 10 16 1
"1436" 0 2.33333333333333 5 8 25 0
