"Parti" "Inntekt" "Utdanning" "Kvinne" "Innvandrer" "Skepsis" "KultSkepsis" "TaJobber" "TaSkatt" "Belastning" "Arbeidsledig" "Begrenset" "IngenKontrakt" "Prekaritet"
"1" "FRP" 6 9 0 0 3 7.33333333333333 6 10 5 0 0 0 0
"2" "A" 2 14 1 0 4.66666666666667 5.33333333333333 7 4 5 0 0 0 0
"3" "KRF" 2 17 1 0 5.33333333333333 8.33333333333333 7 2 5 0 0 0 0
"4" "H" 1 13 0 0 5 7 5 5 5 0 0 0 0
"5" "FRP" 3 12 0 0 4 6 8 3 7 0 0 0 0
"6" "A" 8 20 0 1 6.33333333333333 3.33333333333333 6 0 5 0 0 0 0
"7" "H" 3 10 1 0 5.33333333333333 6 5 5 4 0 0 0 0
"8" NA 4 9 0 1 5.33333333333333 5.33333333333333 5 5 4 0 NA NA NA
"9" "A" 7 19 0 0 4.66666666666667 5.33333333333333 6 5 5 0 0 0 0
"10" "H" 1 13 1 1 4.66666666666667 5 6 3 7 0 0 1 1
"11" NA 2 8 1 0 7.66666666666667 6.33333333333333 2 5 0 0 0 1 1
"12" "FRP" 7 14 1 0 7.33333333333333 5.33333333333333 2 1 5 0 0 0 0
"13" NA 9 8 1 0 5 5.66666666666667 7 3 5 0 0 1 1
"14" "FRP" 9 12 0 0 3.33333333333333 3.66666666666667 6 6 8 1 0 0 1
"15" "FRP" 6 14 1 0 4 4.66666666666667 5 6 7 0 0 0 0
"16" "A" 6 7 0 0 4 5.33333333333333 5 5 8 0 1 0 1
"17" "H" 4 14 1 0 4.66666666666667 5 5 5 6 0 0 0 0
"18" "A" 2 10 1 0 7.66666666666667 9.33333333333333 5 2 0 0 0 0 0
"19" "KRF" 7 12 1 0 5 5.66666666666667 5 5 5 0 NA NA NA
"20" NA 2 12 0 0 7.66666666666667 4.66666666666667 5 2 0 0 1 0 1
"21" "H" 6 16 1 0 5.33333333333333 6.33333333333333 4 5 5 0 0 0 0
"22" NA 5 15 0 0 3 5 6 7 8 0 0 0 0
"23" NA NA 12 1 1 6 5 4 3 5 0 0 0 0
"24" NA 1 7 1 1 9.5 7.66666666666667 NA 0 1 0 0 0 0
"25" "MDG" 3 18 0 0 2 4.66666666666667 7 10 7 0 0 0 0
"26" "A" 3 12 0 0 7 8 4 3 2 0 0 0 0
"27" NA 1 17 0 1 3.33333333333333 5.66666666666667 6 6 8 1 1 0 1
"28" "A" 6 18 0 0 3 3.33333333333333 7 5 9 0 1 0 1
"29" "MDG" 3 17 0 0 4 4.66666666666667 7 4 7 0 NA NA NA
"30" "A" 3 15 0 1 2 3.66666666666667 8 8 8 0 0 0 0
"31" "SV" 10 23 1 1 3.66666666666667 2.66666666666667 5 8 6 0 0 0 0
"32" "FRP" 3 13 1 1 5.33333333333333 5.66666666666667 8 3 3 0 1 0 1
"33" "FRP" 3 9 1 0 5 7.33333333333333 9 3 3 0 0 1 1
"34" "A" 3 9 1 0 5 6.33333333333333 5 5 5 0 0 0 0
"35" "FRP" 1 10 1 0 5 4.66666666666667 5 5 5 0 0 0 0
"36" "FRP" 5 10 0 0 5.66666666666667 8 6 3 4 0 0 0 0
"37" NA 8 18 0 1 5.33333333333333 6 3 4 7 0 0 0 0
"38" NA 2 13 0 1 6 5.66666666666667 2 6 4 0 0 0 0
"39" "A" 7 16 0 0 2.66666666666667 4 7 7 8 0 0 0 0
"40" NA 3 13 1 0 4.66666666666667 4.33333333333333 5 6 5 0 1 0 1
"41" "MDG" 1 17 1 0 1.33333333333333 2.66666666666667 9 8 9 0 1 0 1
"42" NA 8 13 1 0 3.33333333333333 4.66666666666667 7 6 7 1 0 1 1
"43" "A" 6 13 0 0 5.66666666666667 7 5 5 3 0 0 0 0
"44" "SP" 8 17 0 0 4.66666666666667 7.66666666666667 7 2 7 0 0 0 0
"45" "A" 6 15 0 0 3.66666666666667 3.66666666666667 6 6 7 0 0 0 0
"46" "H" 6 17 0 0 2.66666666666667 3.33333333333333 8 5 9 0 0 0 0
"47" "H" 6 10 1 0 5.66666666666667 6 5 5 3 0 0 1 1
"48" "H" 6 10 1 0 5.33333333333333 6 5 5 4 0 0 1 1
"49" "FRP" 2 16 0 0 6 7.66666666666667 5 2 5 0 1 0 1
"50" "A" 2 8 0 0 3.33333333333333 5 8 5 7 0 0 0 0
"51" "Other" 10 20 0 1 2 3 7 7 10 0 1 0 1
"52" "A" 5 13 1 0 5.33333333333333 6.33333333333333 5 5 4 0 0 0 0
"53" "KRF" 2 17 1 0 4 4 5 5 8 0 0 0 0
"54" "H" 7 16 1 0 6.66666666666667 6 5 3 2 0 0 0 0
"55" "H" 8 14 1 0 4.33333333333333 5.33333333333333 7 5 5 1 0 0 1
"56" "A" 1 12 1 0 3.33333333333333 5 7 8 5 0 0 0 0
"57" "FRP" 1 16 0 0 4.66666666666667 5.33333333333333 7 4 5 0 NA NA NA
"58" "A" 4 13 1 0 3.66666666666667 5 6 5 8 0 0 0 0
"59" "SV" 8 19 1 0 3 3 7 6 8 0 0 0 0
"60" "MDG" 2 9 0 0 3 4 8 6 7 0 NA NA NA
"61" "A" 4 9 1 0 4.66666666666667 5.66666666666667 7 4 5 0 0 0 0
"62" "A" 9 17 0 0 4.66666666666667 5.33333333333333 8 2 6 0 0 0 0
"63" NA 4 12 1 0 2.33333333333333 4.33333333333333 9 7 7 0 0 0 0
"64" "H" 3 14 1 0 2.33333333333333 5 8 8 7 0 0 0 0
"65" NA NA 10 1 0 4.66666666666667 5.66666666666667 6 5 5 0 0 1 1
"66" "H" 8 12 0 0 7.33333333333333 6.66666666666667 4 2 2 0 0 0 0
"67" "H" 10 13 1 0 4.33333333333333 4 7 5 5 0 0 0 0
"68" NA 6 12 0 0 4 3 5 5 8 0 1 0 1
"69" NA 2 13 0 0 2.33333333333333 5.33333333333333 8 7 8 0 0 0 0
"70" "H" 4 12 0 1 4 7.66666666666667 9 3 6 0 0 0 0
"71" "KRF" 1 14 1 1 5.33333333333333 3.66666666666667 6 5 3 0 1 0 1
"72" "A" 2 10 0 0 5 6 5 5 5 1 0 0 1
"73" NA 5 12 0 0 6.66666666666667 6.66666666666667 3 2 5 0 0 0 0
"74" NA 2 11 0 0 3 5 7 7 7 0 NA NA NA
"75" "KRF" 2 13 1 0 4.33333333333333 4 6 5 6 0 0 0 0
"76" "H" 7 16 1 0 5 5.33333333333333 5 5 5 0 0 0 0
"77" "SP" 3 12 0 0 7.33333333333333 7.33333333333333 3 2 3 0 0 0 0
"78" "KRF" 2 9 1 1 5.66666666666667 5.33333333333333 5 3 5 0 0 0 0
"79" NA 2 13 1 0 2.66666666666667 3.33333333333333 8 6 8 1 1 0 1
"80" "KRF" 5 14 0 0 5.33333333333333 7.33333333333333 4 4 6 0 0 0 0
"81" "FRP" 3 9 1 0 6.33333333333333 6.66666666666667 3 5 3 0 0 0 0
"82" NA 3 12 1 1 3 5.33333333333333 8 5 8 0 NA NA NA
"83" NA 3 19 0 1 3.33333333333333 6 7 8 5 0 0 0 0
"84" "SP" 3 11 0 0 6.33333333333333 6.33333333333333 4 1 6 0 0 1 1
"85" "KRF" 4 10 1 0 5 5.33333333333333 5 5 5 0 0 0 0
"86" "SP" 8 14 1 0 3.33333333333333 5 6 6 8 0 0 0 0
"87" "FRP" 2 10 1 0 5.66666666666667 7 5 8 0 0 0 0 0
"88" "H" 4 12 1 0 2.66666666666667 4.66666666666667 8 7 7 0 0 0 0
"89" "KRF" 5 15 0 0 6.33333333333333 7.66666666666667 5 3 3 0 0 0 0
"90" "FRP" 2 10 0 0 4.33333333333333 7.66666666666667 7 5 5 0 0 0 0
"91" NA 4 12 0 0 3.66666666666667 4 5 6 8 0 NA NA NA
"92" NA 6 15 1 1 3.66666666666667 3.33333333333333 7 6 6 0 0 0 0
"93" "A" 9 20 0 1 5 5.66666666666667 5 5 5 0 0 0 0
"94" "A" 3 15 1 0 2 3.33333333333333 8 8 8 0 0 0 0
"95" "A" 6 18 0 0 2 3.33333333333333 8 8 8 0 0 0 0
"96" NA NA 13 1 1 2.33333333333333 4 8 8 7 0 1 0 1
"97" "SP" 4 10 1 0 5 5.33333333333333 5 5 5 0 0 0 0
"98" NA 5 11 0 0 5.33333333333333 4.33333333333333 6 5 3 0 0 0 0
"99" "SV" 5 18 1 0 2.66666666666667 4.33333333333333 8 7 7 0 0 0 0
"100" "A" 9 20 1 0 3.33333333333333 4 7 6 7 0 0 0 0
"101" "A" 5 16 0 0 3.66666666666667 3.33333333333333 8 4 7 0 0 0 0
"102" "A" 3 20 1 0 3.66666666666667 4.5 6 6 7 0 NA NA NA
"103" "V" 2 12 0 0 7 7 4 2 3 0 0 0 0
"104" "A" 3 10 1 0 3 4.33333333333333 7 7 7 0 0 0 0
"105" "FRP" 4 14 0 0 4 5 6 6 6 0 0 0 0
"106" NA NA 10 1 0 2 3.66666666666667 8 8 8 0 0 0 0
"107" "H" 6 13 0 0 4 5 6 6 6 0 0 0 0
"108" NA 1 15 1 0 4 5.66666666666667 6 6 6 0 0 1 1
"109" "H" 8 13 0 0 3.66666666666667 5 6 6 7 0 NA NA NA
"110" "H" 4 14 0 0 2.66666666666667 4.33333333333333 7 7 8 0 0 0 0
"111" NA 6 15 1 0 4 5 6 6 6 0 0 0 0
"112" "H" 3 18 1 0 3.33333333333333 5.33333333333333 7 5 8 0 0 0 0
"113" NA 2 12 1 1 2.33333333333333 3 8 8 7 0 0 0 0
"114" "FRP" 3 12 0 0 7 7 2 2 5 0 NA NA NA
"115" "FRP" 5 15 0 0 5.33333333333333 4 4 4 6 0 0 0 0
"116" NA 3 15 1 0 2.66666666666667 3.66666666666667 9 8 5 0 0 0 0
"117" "A" 8 15 0 0 5 5 6 4 5 0 0 0 0
"118" "H" 7 20 1 0 4 5 6 6 6 0 NA NA NA
"119" NA 1 0 0 1 2.66666666666667 4 8 6 8 0 0 0 0
"120" NA 1 7 1 0 6 5.33333333333333 3 3 6 0 NA NA NA
"121" NA 3 10 0 1 2.33333333333333 4.66666666666667 8 6 9 0 1 0 1
"122" "FRP" 6 18 1 0 6 5.66666666666667 3 3 6 0 0 0 0
"123" "A" 5 14 0 1 3.33333333333333 5 7 7 6 0 NA NA NA
"124" NA 2 17 1 0 1 1.66666666666667 9 9 9 0 0 0 0
"125" "H" 10 13 0 0 3 4.66666666666667 8 6 7 0 0 0 0
"126" NA 4 13 1 1 6 5 3 5 4 0 0 0 0
"127" NA NA 9 0 0 7 5.5 NA 3 NA 0 NA NA NA
"128" "H" 10 16 0 0 2.66666666666667 5 8 7 7 0 0 0 0
"129" "H" 3 15 1 0 4.33333333333333 4.33333333333333 7 4 6 0 0 0 0
"130" "V" 6 13 0 0 4 2.33333333333333 6 5 7 0 NA NA NA
"131" NA 4 12 0 1 3 6 5 8 8 0 NA NA NA
"132" "H" 8 16 0 1 2.66666666666667 4.33333333333333 8 8 6 0 0 0 0
"133" "V" 3 13 1 1 1 3.66666666666667 10 9 8 0 0 0 0
"134" NA 9 11 1 0 6 6 4 3 5 0 0 0 0
"135" NA NA 10 0 0 2.66666666666667 3.5 8 8 6 0 NA NA NA
"136" "V" 1 18 1 0 5.66666666666667 6.66666666666667 4 4 5 0 0 0 0
"137" "A" 7 18 0 0 2.33333333333333 4.33333333333333 8 8 7 0 0 0 0
"138" "H" 2 15 0 0 2.33333333333333 5 8 8 7 0 0 0 0
"139" "SP" 2 19 1 0 7.33333333333333 7.33333333333333 3 2 3 0 0 0 0
"140" "A" 9 18 1 0 6 6 5 3 4 0 0 0 0
"141" "A" 1 10 1 0 4.33333333333333 5 6 6 5 0 0 0 0
"142" "MDG" 1 13 1 0 3 4.66666666666667 7 6 8 0 0 0 0
"143" "H" 5 11 0 0 4.66666666666667 5 8 4 4 0 0 0 0
"144" "MDG" 4 14 1 0 2.33333333333333 3.66666666666667 8 8 7 0 0 0 0
"145" "H" 8 13 0 0 6.66666666666667 8.33333333333333 1 6 3 0 NA NA NA
"146" "H" 4 12 1 0 4.66666666666667 5.33333333333333 4 4 8 0 NA NA NA
"147" NA 10 12 0 1 2.33333333333333 4.66666666666667 8 8 7 0 1 0 1
"148" "MDG" 6 25 1 0 2 4.33333333333333 9 8 7 0 0 0 0
"149" "H" 9 17 1 0 5 4.66666666666667 5 3 7 0 1 0 1
"150" "H" 10 17 0 0 5.66666666666667 5.33333333333333 5 3 5 0 1 0 1
"151" "A" 7 18 1 0 3.33333333333333 2.66666666666667 7 7 6 0 0 0 0
"152" "H" 5 18 0 0 2.66666666666667 4 8 7 7 0 NA NA NA
"153" NA 3 10 1 1 5 5 6 4 5 0 NA NA NA
"154" "H" 7 16 0 0 6 4 4 3 5 0 NA NA NA
"155" "SV" 8 12 1 1 5.66666666666667 7.33333333333333 5 5 3 0 0 0 0
"156" "H" 5 18 1 0 4.66666666666667 5 7 3 6 0 0 0 0
"157" "H" 10 16 1 0 3.33333333333333 4.33333333333333 6 7 7 0 0 0 0
"158" "FRP" 5 12 1 0 6.33333333333333 6.66666666666667 4 4 3 0 0 0 0
"159" "H" 8 17 0 0 4 4.33333333333333 6 5 7 0 0 0 0
"160" "V" 8 17 0 0 4.33333333333333 4.33333333333333 7 4 6 0 0 0 0
"161" "A" 10 19 1 0 3 4.33333333333333 8 5 8 0 0 0 0
"162" "A" 5 17 1 0 0.666666666666666 3.33333333333333 10 8 10 0 NA NA NA
"163" "A" 2 10 1 0 4 6.33333333333333 7 6 5 0 0 1 1
"164" "H" 6 22 1 0 4.66666666666667 3.66666666666667 6 5 5 0 0 0 0
"165" "H" 8 16 1 0 3.66666666666667 3 6 5 8 0 0 0 0
"166" "H" 7 16 0 0 4.66666666666667 4.33333333333333 6 5 5 0 0 0 0
"167" "FRP" 4 13 0 0 6 4 5 3 NA 0 0 1 1
"168" "MDG" 1 14 0 1 4.66666666666667 7.33333333333333 4 8 4 0 1 0 1
"169" NA 8 17 0 1 4.33333333333333 5.66666666666667 6 5 6 0 0 0 0
"170" "A" 9 17 0 0 2.33333333333333 3 8 7 8 0 0 0 0
"171" "H" 6 16 0 0 4.66666666666667 6.66666666666667 5 6 5 0 0 0 0
"172" "MDG" 9 24 1 0 3.33333333333333 3.66666666666667 5 7 8 0 NA NA NA
"173" "H" 8 21 0 0 2 3 8 7 9 0 0 0 0
"174" "H" 7 19 1 0 2.33333333333333 4.66666666666667 10 5 8 0 0 0 0
"175" "H" 9 13 1 0 6 5.33333333333333 6 3 3 0 0 0 0
"176" "H" 9 18 1 0 3 4.33333333333333 8 6 7 0 NA NA NA
"177" "SV" 9 18 0 0 3 4.33333333333333 7 7 7 0 0 0 0
"178" "A" 5 17 0 0 2 4 8 8 8 0 0 0 0
"179" "V" 9 19 1 1 4 3.33333333333333 6 5 7 0 1 0 1
"180" "H" 10 17 0 0 2.66666666666667 4.66666666666667 6 9 7 0 0 1 1
"181" "H" 9 18 0 0 5.66666666666667 5.33333333333333 2 4 7 0 0 0 0
"182" "FRP" 2 10 1 0 6 5.66666666666667 5 3 4 0 0 1 1
"183" NA 10 8 1 1 5.33333333333333 3.66666666666667 4 5 5 0 0 1 1
"184" "H" 8 10 1 0 6 5.33333333333333 4 4 4 0 0 0 0
"185" "KRF" 5 17 0 0 3.66666666666667 5.66666666666667 8 6 5 0 NA NA NA
"186" "A" 7 23 1 0 3 4 5 8 8 0 0 0 0
"187" "V" 3 20 0 1 4.5 5.33333333333333 NA 5 6 0 0 0 0
"188" NA 6 18 0 0 4 4.66666666666667 7 4 7 0 1 0 1
"189" "A" 4 15 0 0 2.66666666666667 3.33333333333333 8 6 8 0 0 0 0
"190" "H" 4 18 1 1 5 3.66666666666667 7 3 5 0 0 0 0
"191" NA 2 11 0 1 2 5.66666666666667 7 9 8 0 0 0 0
"192" "A" 9 13 0 0 3 4.33333333333333 7 7 7 0 0 0 0
"193" "SV" 9 24 1 0 3.33333333333333 4.33333333333333 6 6 8 0 0 0 0
"194" "A" 9 13 0 0 2.33333333333333 3.66666666666667 7 7 9 0 NA NA NA
"195" "FRP" 5 15 0 1 4.66666666666667 6.66666666666667 5 5 6 0 0 0 0
"196" "H" 4 17 1 0 8 8.66666666666667 3 1 2 0 0 0 0
"197" "V" 7 15 1 0 4.33333333333333 4.66666666666667 5 5 7 0 0 0 0
"198" NA NA 12 0 1 2.5 8 NA 7 8 1 1 0 1
"199" NA 3 10 0 0 4 5 5 6 7 0 0 1 1
"200" "V" 6 19 1 0 1.33333333333333 3 9 8 9 0 0 0 0
"201" "A" 7 16 1 0 3.33333333333333 2.66666666666667 7 6 7 0 0 0 0
"202" "KRF" 8 17 1 0 3.33333333333333 4.66666666666667 7 6 7 0 NA NA NA
"203" "MDG" 3 14 0 0 2.33333333333333 3.66666666666667 8 8 7 0 NA NA NA
"204" NA 3 13 1 0 6 8 3 NA 5 0 1 0 1
"205" "H" 4 10 0 0 4 5 6 6 6 0 0 0 0
"206" "FRP" 2 11 0 0 3.33333333333333 5.33333333333333 7 8 5 0 0 0 0
"207" "H" 10 16 0 0 2.33333333333333 2 8 7 8 0 0 0 0
"208" "FRP" 6 19 0 0 2.5 5.66666666666667 7 NA 8 0 0 0 0
"209" "V" 3 16 1 0 3 5.33333333333333 8 6 7 0 0 0 0
"210" NA 6 12 0 0 6.66666666666667 7.33333333333333 3 3 4 0 0 0 0
"211" "H" 7 14 0 0 6 6.33333333333333 7 3 2 0 0 0 0
"212" "H" 8 11 1 0 5 4.33333333333333 7 3 5 0 0 0 0
"213" "H" 1 11 1 0 6.33333333333333 5.33333333333333 4 3 4 0 0 0 0
"214" "A" 3 8 1 1 3.66666666666667 5.66666666666667 9 5 5 0 0 1 1
"215" "V" 8 18 1 0 3 4.66666666666667 5 8 8 0 0 0 0
"216" "H" 9 13 0 0 6.66666666666667 6 5 1 4 0 0 0 0
"217" "A" 7 11 1 0 5.33333333333333 4.33333333333333 7 4 3 0 0 0 0
"218" "FRP" 7 12 0 0 7.33333333333333 6 2 4 2 0 1 0 1
"219" NA NA 10 1 0 4.33333333333333 5 5 6 6 0 0 0 0
"220" "H" 6 11 0 0 4 4.66666666666667 7 5 6 0 0 0 0
"221" NA 4 9 0 0 4 5 6 6 6 0 0 0 0
"222" "FRP" 8 17 0 0 7 4.66666666666667 3 3 3 0 0 0 0
"223" NA 5 16 1 1 4.33333333333333 8.33333333333333 9 5 3 0 0 0 0
"224" NA 1 12 0 0 9.33333333333333 8 2 0 0 0 0 0 0
"225" "A" 1 10 0 0 6 6 4 3 5 0 0 1 1
"226" "MDG" 3 14 1 0 1.66666666666667 2 9 8 8 0 0 0 0
"227" NA 5 16 0 1 6.33333333333333 5.66666666666667 3 4 4 0 0 0 0
"228" "A" 4 13 0 1 3.33333333333333 4 7 5 8 0 0 1 1
"229" "H" 10 15 1 0 2.33333333333333 5 8 7 8 0 0 0 0
"230" "H" 3 18 1 0 5 3.66666666666667 5 5 5 0 0 0 0
"231" "H" 10 17 1 0 3.66666666666667 4.66666666666667 5 7 7 0 0 0 0
"232" "H" 2 15 1 0 4.66666666666667 6 6 4 6 0 0 0 0
"233" "H" 8 12 0 0 4 6 6 6 6 0 0 0 0
"234" NA 3 13 0 1 3.33333333333333 3 8 3 9 0 0 0 0
"235" NA NA 9 0 1 7 6 5 4 0 0 0 0 0
"236" "KRF" 8 19 0 0 3.66666666666667 4.66666666666667 6 6 7 0 0 0 0
"237" NA NA 13 0 0 3.66666666666667 5.33333333333333 7 7 5 0 NA NA NA
"238" NA NA 15 0 0 6.66666666666667 9.33333333333333 0 10 0 0 1 0 1
"239" NA 3 13 0 0 5.33333333333333 5.66666666666667 6 3 5 0 1 0 1
"240" "H" 5 14 1 0 4.33333333333333 6 5 5 7 0 0 0 0
"241" "FRP" 4 11 0 0 8.33333333333333 7.66666666666667 4 1 0 0 0 0 0
"242" "A" 3 7 0 0 5 5.66666666666667 5 5 5 0 0 0 0
"243" "H" NA 11 1 0 5.66666666666667 6 5 3 5 0 0 0 0
"244" NA 2 14 0 1 5 6.33333333333333 4 7 4 0 NA NA NA
"245" NA 6 11 1 0 5.66666666666667 7 2 6 5 0 NA NA NA
"246" "V" 8 20 1 1 4.33333333333333 3.33333333333333 7 5 5 0 0 0 0
"247" NA 4 13 0 1 4.33333333333333 4.33333333333333 7 3 7 0 0 0 0
"248" "FRP" 5 15 0 0 3 2.66666666666667 9 2 10 0 0 0 0
"249" "H" NA 10 0 0 6.33333333333333 9 5 2 4 0 1 0 1
"250" "H" 5 15 0 0 7.66666666666667 7 3 2 2 1 0 0 1
"251" "A" 6 18 0 1 4 2.33333333333333 5 5 8 1 0 0 1
"252" NA 5 11 1 1 5.33333333333333 7.33333333333333 7 4 3 0 0 0 0
"253" "A" NA 14 1 0 4.33333333333333 4.66666666666667 5 5 7 0 0 0 0
"254" NA 3 12 0 1 4.33333333333333 6.33333333333333 7 5 5 0 0 0 0
"255" "FRP" 6 10 0 0 5 4.33333333333333 6 6 3 0 0 0 0
"256" NA 6 12 0 0 5 6.33333333333333 4 5 6 0 1 0 1
"257" "A" 3 10 0 0 5 6 5 5 5 0 0 0 0
"258" NA 2 7 0 1 8.33333333333333 7 0 5 0 0 0 0 0
"259" NA 5 22 1 1 0.333333333333334 1.66666666666667 9 10 10 0 0 0 0
"260" "A" 2 10 1 0 3.66666666666667 3.66666666666667 5 5 9 0 1 0 1
"261" "H" 4 13 0 0 8 6 3 2 1 0 0 0 0
"262" NA 5 12 0 0 5.33333333333333 6.33333333333333 7 3 4 0 0 0 0
"263" "A" 7 15 0 0 3.33333333333333 6 7 5 8 0 0 0 0
"264" "A" 9 11 1 0 6 7.33333333333333 4 3 5 0 0 0 0
"265" "FRP" 5 16 1 0 6 6.33333333333333 5 4 3 0 0 1 1
"266" "FRP" 4 16 0 0 6 6.33333333333333 6 3 3 0 0 0 0
"267" "H" 3 9 1 0 4.33333333333333 5.66666666666667 5 5 7 0 0 0 0
"268" NA 5 14 0 1 3.33333333333333 6 5 7 8 0 NA NA NA
"269" "H" 7 18 0 0 2.33333333333333 3.33333333333333 7 8 8 0 0 0 0
"270" "A" 7 13 1 1 3 4 7 7 7 0 0 0 0
"271" "H" 2 18 1 0 4 6 7 5 6 0 0 0 0
"272" "V" NA 13 0 1 5 5.66666666666667 5 5 5 0 0 1 1
"273" NA 5 12 1 0 5.66666666666667 5.33333333333333 5 3 5 0 0 0 0
"274" "A" 4 12 0 0 4.66666666666667 4.33333333333333 7 4 5 0 0 0 0
"275" NA 8 15 1 0 1.33333333333333 1.66666666666667 8 9 9 0 0 1 1
"276" "SV" 6 17 1 1 4 4.33333333333333 5 5 8 0 0 0 0
"277" "MDG" 7 19 0 0 4 5.66666666666667 5 5 8 0 0 0 0
"278" NA 2 11 0 0 5 5 5 6 4 0 0 0 0
"279" "A" 4 10 0 0 3.66666666666667 4.33333333333333 7 7 5 0 0 0 0
"280" "H" 10 13 0 0 3.66666666666667 4 7 6 6 0 0 0 0
"281" NA 2 11 0 0 5.33333333333333 6.33333333333333 6 4 4 0 0 0 0
"282" "H" 1 16 0 0 5.33333333333333 6.66666666666667 5 7 2 0 NA NA NA
"283" "A" 10 22 0 0 4 3.33333333333333 8 5 5 0 1 0 1
"284" "H" 1 13 1 1 4.33333333333333 7.33333333333333 7 3 7 0 0 0 0
"285" NA 1 17 1 1 1.33333333333333 1.66666666666667 9 9 8 0 0 0 0
"286" "H" 5 15 1 0 3.33333333333333 3.33333333333333 7 5 8 0 0 0 0
"287" NA 3 8 0 1 2.33333333333333 4.33333333333333 7 8 8 0 0 0 0
"288" NA 10 21 1 1 3 5 8 8 5 0 0 0 0
"289" NA 3 14 0 1 2 5.33333333333333 8 8 8 0 0 0 0
"290" "H" 3 11 0 0 5 6.33333333333333 5 5 5 0 0 0 0
"291" "H" 10 18 1 0 5 5.66666666666667 7 4 4 0 0 0 0
"292" "H" 8 13 0 0 3.66666666666667 7.33333333333333 9 2 8 0 NA NA NA
"293" NA 9 15 0 1 4.33333333333333 5.33333333333333 5 6 6 0 0 0 0
"294" "V" 10 18 1 0 4 4.33333333333333 8 7 3 0 1 0 1
"295" "H" 8 17 0 0 1.33333333333333 3.66666666666667 9 8 9 0 NA NA NA
"296" "V" 2 19 1 0 5 4.33333333333333 7 4 4 0 0 0 0
"297" "A" 5 20 1 0 2.66666666666667 3 7 7 8 0 0 0 0
"298" "A" 4 14 1 0 5 4.33333333333333 5 4 6 0 0 0 0
"299" "H" 9 22 0 0 1 3.66666666666667 10 7 10 0 NA NA NA
"300" NA NA 14 1 0 3.66666666666667 4 6 5 8 0 NA NA NA
"301" "H" 9 14 1 1 7 6.33333333333333 5 2 2 0 0 0 0
"302" "H" 4 16 1 1 6.33333333333333 4.33333333333333 5 2 4 0 1 0 1
"303" NA 3 20 1 1 2 2 8 8 8 0 1 0 1
"304" "H" 5 19 1 0 4.33333333333333 4.33333333333333 7 3 7 0 0 0 0
"305" NA 8 11 0 0 5.33333333333333 5 5 5 4 0 1 0 1
"306" "A" 10 16 0 0 3.66666666666667 6 6 6 7 0 0 0 0
"307" NA 8 16 0 1 4.33333333333333 6.66666666666667 5 7 5 0 0 0 0
"308" "A" 5 13 0 1 6.66666666666667 7.33333333333333 1 2 7 0 NA NA NA
"309" "SV" 8 20 1 0 3 3.33333333333333 8 7 6 0 0 0 0
"310" "A" 10 15 1 0 3.66666666666667 4.66666666666667 6 6 7 0 0 0 0
"311" "H" 8 18 1 1 3.66666666666667 4 7 7 5 0 0 0 0
"312" NA 1 7 0 1 6.66666666666667 7.66666666666667 5 0 5 0 0 1 1
"313" NA 1 18 1 0 5 7 7 3 5 0 0 0 0
"314" NA 10 21 1 1 3.66666666666667 4.66666666666667 6 6 7 0 0 0 0
"315" "SV" 8 18 1 0 2.33333333333333 4 7 8 8 0 0 0 0
"316" NA 10 15 1 0 3.66666666666667 3.66666666666667 7 6 6 0 0 0 0
"317" "H" 9 14 1 0 7 8 4 3 2 0 1 0 1
"318" "V" 4 17 0 0 6 7 6 3 3 0 0 0 0
"319" "V" 5 21 0 0 3 4 7 5 9 0 0 0 0
"320" "H" 4 18 0 1 5.66666666666667 6.33333333333333 6 4 3 0 0 0 0
"321" "FRP" 10 16 1 0 5 6.66666666666667 7 3 5 0 0 0 0
"322" "H" 10 15 1 0 5 5 7 4 4 0 0 0 0
"323" "H" 5 16 1 0 4.33333333333333 6 7 5 5 0 0 0 0
"324" "V" 9 18 0 0 2.66666666666667 4.33333333333333 7 7 8 0 0 0 0
"325" "MDG" 5 14 0 0 5 6 7 3 5 0 0 0 0
"326" "H" 10 15 1 0 3 5 8 6 7 0 0 0 0
"327" NA 9 19 1 1 4.66666666666667 4.66666666666667 5 5 6 0 0 0 0
"328" NA 4 23 0 1 3.33333333333333 3 7 6 7 0 1 0 1
"329" "H" 3 15 1 0 6 4.66666666666667 5 4 3 0 0 0 0
"330" "A" 4 21 1 0 4.33333333333333 5.33333333333333 5 7 5 0 1 0 1
"331" "V" 9 17 0 0 2.33333333333333 4 7 8 8 0 0 0 0
"332" "A" 8 17 1 0 3 4 5 7 9 0 0 0 0
"333" "KRF" 2 14 1 1 5.33333333333333 4 5 4 5 0 0 0 0
"334" "SV" 2 18 1 0 4 4.66666666666667 5 6 7 0 0 0 0
"335" "A" 8 7 1 0 1.66666666666667 5.33333333333333 10 5 10 0 0 0 0
"336" NA 2 6 1 1 3.5 5.33333333333333 NA 8 5 1 0 0 1
"337" "H" 8 18 0 0 4.33333333333333 5.33333333333333 5 6 6 0 0 0 0
"338" NA 10 18 0 1 5.33333333333333 6.5 2 5 7 0 0 0 0
"339" "A" 3 18 0 0 4.66666666666667 5 5 5 6 0 0 0 0
"340" "H" 10 16 0 0 4.33333333333333 5 7 4 6 0 NA NA NA
"341" "A" 3 22 1 0 4.33333333333333 3.66666666666667 8 3 6 0 0 0 0
"342" "SV" 7 20 0 0 2.66666666666667 4 9 6 7 0 0 0 0
"343" "A" 2 13 0 0 1.66666666666667 4 9 7 9 0 0 0 0
"344" "H" 3 20 0 0 5 5.66666666666667 7 7 1 0 0 0 0
"345" "KRF" 7 19 0 0 3 4 6 6 9 0 0 0 0
"346" "FRP" 2 11 0 0 5 7.66666666666667 7 5 3 0 NA NA NA
"347" "H" 2 0 0 1 5 5.33333333333333 5 3 7 0 0 0 0
"348" NA 2 13 0 1 4.33333333333333 6 4 7 6 0 0 0 0
"349" NA 2 12 0 1 4.33333333333333 6 8 4 5 0 0 0 0
"350" "MDG" 4 7 0 0 5.66666666666667 4.33333333333333 4 3 6 0 0 0 0
"351" "SV" NA 17 1 0 2.66666666666667 3 7 7 8 0 0 0 0
"352" NA 9 17 0 1 3.66666666666667 4.33333333333333 5 5 9 0 0 0 0
"353" "V" 2 18 1 0 5 4 5 5 5 0 0 0 0
"354" "SV" 10 18 1 0 2.66666666666667 3.33333333333333 7 7 8 0 0 0 0
"355" "RODT" 6 20 1 1 1.66666666666667 6.33333333333333 8 8 9 0 0 0 0
"356" NA 7 19 0 1 6.66666666666667 3.33333333333333 5 5 0 0 0 0 0
"357" "A" 10 18 0 0 1.33333333333333 4.33333333333333 8 9 9 0 0 0 0
"358" "H" 6 17 1 0 4.66666666666667 5 7 4 5 0 0 0 0
"359" "H" 2 18 0 0 3.66666666666667 5.33333333333333 5 7 7 0 1 0 1
"360" "A" 7 19 0 0 3.66666666666667 3.66666666666667 6 5 8 0 0 0 0
"361" "MDG" 7 15 0 0 3.66666666666667 4.66666666666667 5 7 7 0 0 0 0
"362" "A" 5 18 1 0 3.33333333333333 4.66666666666667 8 5 7 0 0 0 0
"363" NA 10 20 0 1 1.33333333333333 4.66666666666667 9 7 10 0 0 0 0
"364" "H" 6 15 1 0 6.33333333333333 6.33333333333333 5 2 4 0 0 0 0
"365" "RODT" 7 20 0 0 1 1.66666666666667 10 10 7 0 0 0 0
"366" "A" 6 17 0 0 4.33333333333333 6 6 5 6 0 0 0 0
"367" "V" 10 19 1 0 3.33333333333333 3 8 5 7 0 0 0 0
"368" NA 10 10 0 0 4.66666666666667 6 8 3 5 0 0 1 1
"369" "FRP" 4 13 1 0 6 6 4 4 4 0 1 0 1
"370" "V" 8 17 0 0 5.33333333333333 5 5 2 7 0 NA NA NA
"371" "H" 10 18 1 0 4.33333333333333 4.33333333333333 6 6 5 0 0 0 0
"372" "H" 7 17 1 0 4.66666666666667 4.33333333333333 7 4 5 0 0 0 0
"373" "H" 7 15 0 1 3.33333333333333 5.66666666666667 8 4 8 0 0 0 0
"374" NA 5 15 1 1 3.66666666666667 5.66666666666667 7 5 7 0 1 0 1
"375" NA NA 16 0 1 3 5.66666666666667 8 7 6 0 0 0 0
"376" "H" 5 15 0 0 4.33333333333333 5.33333333333333 7 4 6 0 0 0 0
"377" NA 3 10 1 1 5.66666666666667 7.33333333333333 7 3 3 0 0 0 0
"378" NA 3 9 1 1 2.66666666666667 3.33333333333333 8 7 7 0 0 0 0
"379" "H" 5 17 0 0 5.66666666666667 7 8 2 3 0 0 0 0
"380" "A" 6 3 0 0 3.66666666666667 5 8 5 6 0 0 0 0
"381" NA 6 15 1 1 2.66666666666667 3.66666666666667 8 7 7 0 0 0 0
"382" "MDG" 10 19 1 0 3.33333333333333 3.33333333333333 7 5 8 0 0 0 0
"383" "H" 2 14 1 1 5.33333333333333 5.66666666666667 4 5 5 0 0 0 0
"384" "A" 8 16 1 0 4 4 5 6 7 0 0 0 0
"385" "RODT" 1 11 0 1 1.33333333333333 3.33333333333333 8 9 9 0 0 1 1
"386" NA 9 15 0 1 1.66666666666667 3.66666666666667 8 9 8 0 0 0 0
"387" NA 10 14 1 1 4.66666666666667 5.33333333333333 5 4 7 0 0 0 0
"388" "FRP" 2 9 1 0 6.33333333333333 7.66666666666667 6 3 2 0 0 0 0
"389" "H" 5 12 0 0 6.66666666666667 3.66666666666667 2 0 8 0 0 0 0
"390" "SV" 4 20 1 0 3.66666666666667 4.66666666666667 7 5 7 0 0 0 0
"391" "H" 6 12 1 0 2.66666666666667 4.66666666666667 8 5 9 0 0 0 0
"392" "SV" 8 21 1 0 5 4.33333333333333 5 5 5 0 0 0 0
"393" "A" 3 17 1 0 4.66666666666667 5 7 4 5 0 0 0 0
"394" "MDG" 8 19 0 0 3.33333333333333 3.66666666666667 7 5 8 0 0 0 0
"395" "H" 8 13 1 0 5 4.33333333333333 6 4 5 0 0 0 0
"396" "A" 10 13 0 0 4 4.66666666666667 7 5 6 0 0 0 0
"397" "V" 9 17 0 0 4 5 7 5 6 0 0 0 0
"398" "KRF" 4 13 1 0 4 6.33333333333333 8 5 5 0 0 0 0
"399" NA 7 17 0 1 1 3.66666666666667 10 10 7 0 0 0 0
"400" "V" 3 9 0 0 4.33333333333333 5.33333333333333 5 5 7 0 0 0 0
"401" NA 7 18 1 1 4.33333333333333 5.33333333333333 7 5 5 0 0 0 0
"402" "V" 8 18 1 0 4 4.33333333333333 6 5 7 0 0 0 0
"403" "H" 7 10 1 0 6 7.33333333333333 5 4 3 0 0 0 0
"404" "A" 2 17 1 0 4 3.66666666666667 5 5 8 0 0 0 0
"405" "FRP" 3 15 0 0 6 6.33333333333333 7 2 3 0 0 0 0
"406" "FRP" 8 19 0 0 6 5.66666666666667 5 5 2 0 NA NA NA
"407" NA 2 20 0 1 0 2 10 10 10 0 NA NA NA
"408" "V" 10 17 0 0 2.66666666666667 3.66666666666667 7 7 8 0 0 0 0
"409" "H" 8 18 1 0 4.33333333333333 6.33333333333333 7 5 5 0 0 0 0
"410" NA 10 17 0 1 6.33333333333333 5 2 4 5 0 0 0 0
"411" "KRF" 7 14 1 0 5 5.66666666666667 5 5 5 0 0 0 0
"412" "H" 9 13 0 0 2.66666666666667 1.66666666666667 8 7 7 0 1 0 1
"413" "H" 2 11 1 0 3.66666666666667 6 7 4 8 0 0 0 0
"414" "A" 1 15 0 0 3.33333333333333 4.33333333333333 8 5 7 0 NA NA NA
"415" "A" 4 15 1 0 4.33333333333333 6 7 5 5 0 0 0 0
"416" "A" 9 9 1 0 5 6.66666666666667 4 5 6 0 NA NA NA
"417" "A" 3 19 1 0 3 2.66666666666667 8 8 5 0 0 0 0
"418" NA 3 10 0 1 2 4 8 8 8 0 0 0 0
"419" "A" 2 10 0 1 4.66666666666667 5.66666666666667 5 6 5 0 0 0 0
"420" "A" 8 24 0 0 2.33333333333333 3 8 6 9 0 0 0 0
"421" "H" 8 16 0 1 1.66666666666667 3.33333333333333 9 8 8 0 0 0 0
"422" "A" 2 12 1 0 5.33333333333333 5.33333333333333 5 3 6 0 0 0 0
"423" "A" 5 15 1 1 3 4.33333333333333 8 6 7 0 0 0 0
"424" "H" 10 13 0 0 5.33333333333333 6.66666666666667 4 3 7 0 0 0 0
"425" NA 4 10 1 0 4.66666666666667 5.66666666666667 7 5 4 0 NA NA NA
"426" "A" 5 8 0 1 5 4.33333333333333 8 7 0 0 0 0 0
"427" NA 1 10 1 1 4 3 6 3 9 0 0 1 1
"428" "H" 9 16 1 0 3.33333333333333 7 7 6 7 0 0 0 0
"429" "FRP" 4 13 1 0 4.66666666666667 6.66666666666667 7 3 6 0 0 0 0
"430" "A" 2 13 0 0 5.33333333333333 4.33333333333333 4 5 5 0 0 0 0
"431" "A" 4 17 1 0 4.33333333333333 6 6 6 5 0 0 0 0
"432" NA 2 12 0 0 5.33333333333333 6 5 3 6 0 NA NA NA
"433" "H" 6 18 1 0 5.33333333333333 4.66666666666667 4 5 5 0 0 0 0
"434" "H" 5 19 1 0 3.33333333333333 5.33333333333333 8 5 7 0 0 0 0
"435" "A" 6 13 1 0 4 5.33333333333333 5 5 8 0 1 0 1
"436" "H" 6 9 0 0 6 5.33333333333333 1 6 5 0 NA NA NA
"437" "A" 6 12 0 0 3.33333333333333 3.66666666666667 7 6 7 0 0 0 0
"438" NA 10 10 0 0 5.33333333333333 4.66666666666667 5 4 5 1 0 1 1
"439" "H" 5 15 0 0 4.33333333333333 4.66666666666667 6 4 7 0 0 0 0
"440" "H" 10 15 0 0 4.33333333333333 4.33333333333333 5 5 7 0 0 0 0
"441" "V" 10 18 0 0 1.66666666666667 2 8 8 9 0 0 0 0
"442" "H" 9 12 0 0 2.66666666666667 5.66666666666667 6 9 7 0 0 0 0
"443" NA 5 19 0 1 3 4.66666666666667 7 7 7 0 0 0 0
"444" NA 1 12 1 1 5.66666666666667 5 8 5 0 0 0 0 0
"445" "A" NA 12 1 1 3.33333333333333 6.33333333333333 7 8 5 0 0 0 0
"446" "V" 2 16 0 0 1.66666666666667 3.33333333333333 7 9 9 0 0 0 0
"447" "A" 10 14 1 0 4.33333333333333 5 5 6 6 0 0 0 0
"448" "H" 2 13 1 0 5.66666666666667 6 5 4 4 0 0 0 0
"449" "H" 6 11 1 0 2 2.66666666666667 9 8 7 0 0 0 0
"450" "FRP" 5 14 0 0 4.33333333333333 6.33333333333333 7 5 5 0 0 0 0
"451" NA 2 12 1 1 3 5.33333333333333 5 9 7 0 0 0 0
"452" "FRP" 3 8 0 0 3 6.66666666666667 6 8 NA 0 0 0 0
"453" "A" 1 18 1 0 3.66666666666667 5 8 5 6 0 0 0 0
"454" "A" NA 9 1 0 6.66666666666667 7 3 5 2 0 1 0 1
"455" "H" 7 12 1 0 5.33333333333333 6 5 4 5 0 1 0 1
"456" "A" 5 11 1 0 5 6 7 7 1 0 0 0 0
"457" "SP" 6 14 0 0 3.66666666666667 5.33333333333333 7 5 7 0 NA NA NA
"458" "A" 5 12 0 0 4 3.66666666666667 7 4 7 0 0 0 0
"459" "V" 10 14 0 0 2.66666666666667 4.33333333333333 7 7 8 0 0 0 0
"460" "SV" 5 17 0 0 2.66666666666667 4 7 7 8 0 0 0 0
"461" NA 5 12 1 1 3.33333333333333 4.66666666666667 8 5 7 0 0 0 0
"462" NA NA 9 1 0 3.33333333333333 4.33333333333333 7 5 8 0 NA NA NA
"463" "A" 6 13 0 0 5.66666666666667 4.66666666666667 1 7 5 0 0 0 0
"464" "SP" 6 11 1 0 6 6.33333333333333 5 3 4 0 1 0 1
"465" NA 4 15 0 0 4.66666666666667 6.66666666666667 5 5 6 0 0 0 0
"466" "MDG" 4 14 1 0 5.33333333333333 5.33333333333333 5 5 4 0 0 0 0
"467" "A" 5 12 1 0 4 5 8 5 5 0 0 0 0
"468" "MDG" 6 18 0 0 3.33333333333333 4.66666666666667 6 6 8 0 NA NA NA
"469" "A" 4 13 1 0 5 5 5 5 5 0 0 0 0
"470" "SP" 10 18 1 0 5.66666666666667 3.66666666666667 3 5 5 0 0 0 0
"471" "Other" 2 13 0 0 3.66666666666667 5.66666666666667 8 3 8 0 NA NA NA
"472" "SP" 8 13 0 0 5 7.66666666666667 5 5 5 0 0 0 0
"473" NA 6 19 0 1 3 5 7 8 6 0 NA NA NA
"474" "V" 9 16 1 0 1.33333333333333 5 9 10 7 0 0 0 0
"475" "MDG" 5 12 0 1 0.666666666666666 2.33333333333333 10 9 9 0 NA NA NA
"476" "H" 4 15 1 0 7.66666666666667 5.66666666666667 2 2 3 0 1 0 1
"477" "A" 9 15 0 0 5.33333333333333 8 7 2 5 0 NA NA NA
"478" NA 4 18 1 1 6 6.33333333333333 7 3 2 0 0 0 0
"479" "A" 9 16 0 0 3.33333333333333 4.66666666666667 7 6 7 0 0 0 0
"480" "A" 6 12 0 0 5 7.33333333333333 5 5 5 0 NA NA NA
"481" "A" 3 13 0 0 4.33333333333333 5.33333333333333 8 5 4 0 0 0 0
"482" "A" 3 10 1 0 4.33333333333333 3.66666666666667 5 5 7 0 0 0 0
"483" "FRP" 1 13 1 0 6 6.66666666666667 4 4 4 1 1 0 1
"484" "FRP" 1 13 0 0 4.66666666666667 7.33333333333333 5 8 3 0 0 1 1
"485" "Other" 2 7 1 0 2.5 6.66666666666667 8 7 NA 0 0 0 0
"486" "FRP" 8 13 0 0 6.66666666666667 8.33333333333333 5 4 1 0 0 0 0
"487" "A" 8 11 0 0 2 5.33333333333333 8 8 8 0 0 0 0
"488" "H" 2 11 1 0 3.66666666666667 4.33333333333333 8 5 6 0 1 0 1
"489" "A" 2 11 1 0 4.33333333333333 5.66666666666667 6 5 6 0 0 0 0
"490" "A" 4 18 1 0 3.33333333333333 5.33333333333333 6 7 7 0 0 0 0
"491" "A" 1 13 1 0 5.33333333333333 5.33333333333333 6 4 4 0 0 0 0
"492" "FRP" 4 17 0 0 2.33333333333333 5 8 8 7 0 0 0 0
"493" "A" 4 14 0 0 4 5 5 6 7 0 0 0 0
"494" "A" 6 16 1 0 4.66666666666667 5.66666666666667 3 5 8 0 0 0 0
"495" NA 4 12 1 0 6.66666666666667 8.33333333333333 3 3 4 0 NA NA NA
"496" "H" 7 15 0 0 2.66666666666667 4 8 6 8 0 0 0 0
"497" NA 7 14 0 1 4.66666666666667 7 5 5 6 0 0 0 0
"498" "H" 5 14 0 0 5.33333333333333 4.66666666666667 5 3 6 0 0 0 0
"499" "FRP" 2 11 0 0 4.33333333333333 6.66666666666667 7 5 5 0 0 0 0
"500" "A" 5 14 0 0 3.66666666666667 3.66666666666667 4 8 7 0 0 0 0
"501" "H" 4 15 1 0 4 4.66666666666667 9 5 4 0 0 0 0
"502" "A" 6 17 1 0 3.5 4.66666666666667 5 NA 8 0 0 0 0
"503" "A" 6 13 1 0 4.33333333333333 3 5 7 5 0 0 0 0
"504" "SV" 2 14 1 0 3 4.66666666666667 7 7 7 0 0 0 0
"505" "Other" 8 20 1 0 2.66666666666667 4.33333333333333 7 7 8 0 0 0 0
"506" "A" 2 9 1 0 5 4.33333333333333 5 5 5 0 0 0 0
"507" "H" 3 17 0 0 3.33333333333333 4.33333333333333 7 6 7 0 NA NA NA
"508" "H" 4 17 0 0 6 4 5 4 3 0 0 0 0
"509" NA 7 10 1 0 3.33333333333333 5.66666666666667 7 6 7 0 NA NA NA
"510" "FRP" 2 12 1 0 7 4.66666666666667 5 2 2 1 0 0 1
"511" "SP" 5 12 0 0 4 3.33333333333333 6 4 8 0 NA NA NA
"512" "H" 10 14 0 0 5.66666666666667 6 3 5 5 0 0 0 0
"513" "SP" 4 14 0 0 4.66666666666667 5.33333333333333 6 5 5 0 NA NA NA
"514" "SP" 2 8 0 0 3.33333333333333 7.33333333333333 5 5 10 0 0 1 1
"515" "A" 1 16 0 0 4.66666666666667 6 5 2 9 0 1 0 1
"516" "A" 2 10 1 0 6.66666666666667 6.5 5 2 3 0 0 0 0
"517" NA 5 17 1 0 5.66666666666667 6.66666666666667 5 5 3 0 0 0 0
"518" "H" 6 14 1 0 8 6.33333333333333 1 1 4 0 0 0 0
"519" "A" 1 9 1 0 4.33333333333333 5.66666666666667 6 7 4 0 1 0 1
"520" NA NA 9 0 0 5 5.66666666666667 5 6 4 0 NA NA NA
"521" "A" 4 9 0 0 5 6 5 7 3 0 0 0 0
"522" "H" 3 22 0 0 3 3.66666666666667 7 7 7 0 0 1 1
"523" "Other" 2 11 0 0 4.33333333333333 4 7 5 5 0 0 0 0
"524" NA 1 9 0 1 4.66666666666667 5 5 5 6 0 0 1 1
"525" "A" 8 9 0 0 6.33333333333333 4.66666666666667 5 5 1 0 0 1 1
"526" "SP" 7 19 0 0 5.33333333333333 3.66666666666667 5 4 5 0 0 0 0
"527" NA 4 10 1 0 5.66666666666667 4.66666666666667 5 3 5 0 0 0 0
"528" "SP" 8 13 0 0 4.66666666666667 5.66666666666667 8 3 5 0 0 0 0
"529" "SP" 2 9 0 0 7.33333333333333 8 5 2 1 0 NA NA NA
"530" "H" 3 20 1 0 2.33333333333333 4.33333333333333 8 7 8 0 0 0 0
"531" "FRP" 1 7 0 0 5.66666666666667 8.33333333333333 8 3 2 0 0 1 1
"532" "FRP" 2 13 0 0 5.66666666666667 6.66666666666667 3 3 7 0 1 0 1
"533" "A" 5 21 1 0 3.66666666666667 4 5 7 7 0 0 0 0
"534" "H" 9 13 0 0 4.33333333333333 6.33333333333333 7 5 5 0 0 0 0
"535" NA 7 10 0 0 4 5 6 6 6 0 0 1 1
"536" "A" 4 9 1 0 4 8.33333333333333 6 5 7 0 0 1 1
"537" "H" 10 15 0 0 2.33333333333333 3.66666666666667 7 6 10 0 0 0 0
"538" "A" 3 1 1 0 8 6.33333333333333 5 0 1 0 0 0 0
"539" "A" 6 13 0 0 1.66666666666667 4 8 7 10 0 0 0 0
"540" "H" 4 18 0 0 5.33333333333333 6.66666666666667 6 3 5 0 0 0 0
"541" "A" 2 8 1 0 8 8.66666666666667 3 2 1 0 0 1 1
"542" "A" 8 11 0 0 4.33333333333333 6.66666666666667 5 3 9 0 0 0 0
"543" "FRP" 4 12 0 0 8.66666666666667 9.33333333333333 2 1 1 0 NA NA NA
"544" "FRP" 4 11 0 0 4 4.33333333333333 6 4 8 0 0 0 0
"545" "SP" 7 17 1 0 3.66666666666667 4 5 7 7 0 NA NA NA
"546" "A" 6 10 0 0 1 5 10 8 9 0 1 0 1
"547" "H" 6 14 0 0 7 8.33333333333333 5 2 2 0 0 0 0
"548" NA 6 11 1 0 4.33333333333333 5.66666666666667 7 5 5 0 0 0 0
"549" NA 6 9 0 0 4.66666666666667 5.66666666666667 6 5 5 0 1 0 1
"550" NA 10 20 1 1 4 5.33333333333333 6 5 7 0 0 0 0
"551" NA 1 15 1 0 4.33333333333333 6 5 5 7 0 1 0 1
"552" "H" 1 18 1 1 5.66666666666667 4.66666666666667 5 4 4 0 0 0 0
"553" "H" 4 13 1 0 3.33333333333333 5 7 6 7 0 0 0 0
"554" NA 3 11 0 0 6.66666666666667 6.66666666666667 4 4 2 0 0 0 0
"555" "A" 7 16 0 1 4.66666666666667 5.33333333333333 6 5 5 0 0 0 0
"556" "H" 3 16 1 0 5.33333333333333 5 6 4 4 0 0 0 0
"557" "A" 3 8 0 0 3 3.66666666666667 9 5 7 0 0 0 0
"558" "A" 9 13 0 0 2.66666666666667 4.33333333333333 7 8 7 0 0 0 0
"559" "A" 8 11 1 0 3.66666666666667 4.33333333333333 7 5 7 0 0 0 0
"560" "FRP" 10 15 0 0 4.33333333333333 7 5 5 7 0 0 0 0
"561" "H" 10 16 0 0 5.66666666666667 6.33333333333333 3 5 5 0 0 0 0
"562" "MDG" 6 17 1 0 5 4.33333333333333 5 NA 5 0 0 0 0
"563" NA 3 10 1 0 6 6.66666666666667 4 5 3 0 NA NA NA
"564" "FRP" 6 11 0 0 4.66666666666667 7.66666666666667 7 5 4 0 0 0 0
"565" NA 5 11 1 0 5.33333333333333 6.66666666666667 6 4 4 0 1 0 1
"566" "H" 8 14 0 0 3 4.66666666666667 6 8 7 0 0 0 0
"567" NA 6 30 1 1 3.66666666666667 6.33333333333333 8 4 7 0 0 0 0
"568" "A" 8 17 0 0 5.33333333333333 3.66666666666667 5 2 7 0 0 0 0
"569" "H" 7 10 1 0 3.33333333333333 4 8 5 7 0 NA NA NA
"570" "A" 9 13 0 0 3.33333333333333 5 7 8 5 0 0 0 0
"571" "H" 9 18 0 0 3.66666666666667 4.66666666666667 7 6 6 0 0 0 0
"572" "SP" 3 24 0 1 5.33333333333333 3.66666666666667 5 5 4 0 0 0 0
"573" "V" 3 8 1 0 6.66666666666667 7.66666666666667 5 3 2 0 0 0 0
"574" NA 3 12 0 0 2.33333333333333 6.33333333333333 9 7 7 0 0 0 0
"575" "H" 6 15 1 0 4.33333333333333 4.33333333333333 7 5 5 0 0 0 0
"576" "H" 4 13 1 0 6 8 5 4 3 0 0 0 0
"577" "FRP" 6 7 0 0 7 8 2 4 3 0 0 0 0
"578" NA 2 13 1 1 3.66666666666667 6.66666666666667 8 5 6 0 0 0 0
"579" "A" 10 9 0 0 2.66666666666667 4.33333333333333 8 8 6 0 NA NA NA
"580" "H" 3 10 0 0 6.66666666666667 6.66666666666667 2 5 3 0 0 0 0
"581" "FRP" 1 10 1 0 9.5 8.33333333333333 NA 0 1 0 0 0 0
"582" "SP" 8 17 0 0 3.66666666666667 4.66666666666667 8 3 8 0 NA NA NA
"583" "H" 7 14 1 0 3.66666666666667 7.66666666666667 6 6 7 0 0 0 0
"584" "A" 6 15 1 0 5 4.66666666666667 5 5 5 0 0 0 0
"585" NA 4 12 1 0 3.33333333333333 5.66666666666667 7 6 7 0 0 0 0
"586" "SP" 7 16 0 0 4.33333333333333 4 5 4 8 0 NA NA NA
"587" NA 8 13 0 0 6 5.33333333333333 2 5 5 0 0 0 0
"588" "H" 3 13 0 0 5.66666666666667 5.33333333333333 3 4 6 0 0 0 0
"589" "A" 8 10 1 0 6.33333333333333 7.33333333333333 8 1 2 0 0 0 0
"590" "SP" 1 17 1 0 6.66666666666667 7.33333333333333 5 5 0 0 0 0 0
"591" "KRF" 1 12 1 0 5 2.33333333333333 5 5 5 0 NA NA NA
"592" NA 4 15 1 1 9.33333333333333 8.33333333333333 1 1 0 0 0 0 0
"593" "FRP" 9 14 0 0 5 7.33333333333333 5 5 5 0 0 0 0
"594" "A" 6 18 1 0 6 7.33333333333333 4 5 3 0 0 0 0
"595" NA 3 12 1 0 4.66666666666667 6.33333333333333 6 5 5 0 1 0 1
"596" "H" 3 13 0 0 3.66666666666667 4.66666666666667 7 5 7 0 0 0 0
"597" "RODT" 4 15 1 0 5.33333333333333 5.66666666666667 5 5 4 0 0 0 0
"598" "H" 5 12 0 0 2.66666666666667 3 7 7 8 0 0 0 0
"599" "FRP" 4 18 0 0 7 6.33333333333333 2 2 5 0 0 0 0
"600" "A" 3 10 0 0 6 9 5 3 4 0 0 0 0
"601" "H" 10 13 0 0 7 7.33333333333333 5 2 2 0 0 0 0
"602" "Other" 6 17 1 0 6 5.33333333333333 3 5 4 0 0 0 0
"603" "A" 6 2 0 0 5.66666666666667 5.33333333333333 3 4 6 0 0 0 0
"604" "H" 7 13 0 0 7 7.66666666666667 4 1 4 0 0 0 0
"605" "A" 4 17 0 0 2.33333333333333 3.33333333333333 8 7 8 0 0 0 0
"606" "SV" 10 17 1 0 3 3.33333333333333 8 6 7 0 0 0 0
"607" "FRP" 1 7 0 0 5.66666666666667 6.33333333333333 3 3 7 0 0 0 0
"608" "H" 10 14 0 0 2 4.66666666666667 9 8 7 0 0 0 0
"609" "A" 9 16 1 0 4 4.33333333333333 6 5 7 0 0 0 0
"610" "A" 9 13 0 0 4.66666666666667 6.66666666666667 6 5 5 0 0 0 0
"611" "V" 10 20 1 0 5 2.33333333333333 5 5 5 0 0 0 0
"612" NA NA 12 1 0 5.33333333333333 6 4 5 5 0 0 0 0
"613" NA 3 10 0 1 6 5.66666666666667 3 5 4 0 0 0 0
"614" "H" 8 16 0 0 5.33333333333333 5 5 5 4 0 NA NA NA
"615" "FRP" 1 9 1 0 6 8 4 3 5 0 0 0 0
"616" "A" 4 12 1 0 4.33333333333333 4.66666666666667 5 7 5 0 0 0 0
"617" "MDG" 2 19 1 0 4.66666666666667 4.66666666666667 5 6 5 0 1 0 1
"618" "A" 2 14 1 0 4.66666666666667 6.33333333333333 7 4 5 1 1 0 1
"619" "H" 7 4 1 0 5.33333333333333 5.33333333333333 5 5 4 0 0 0 0
"620" "FRP" 9 11 0 0 6 6 3 5 4 0 0 1 1
"621" NA 4 17 1 0 3.33333333333333 5.66666666666667 7 7 6 0 NA NA NA
"622" "V" 5 16 0 0 4.66666666666667 5.66666666666667 5 7 4 0 0 0 0
"623" "H" 7 12 0 0 5.33333333333333 4.66666666666667 6 3 5 0 0 0 0
"624" "FRP" 3 15 1 0 3.33333333333333 4.33333333333333 7 7 6 0 NA NA NA
"625" "A" 8 18 0 0 3.66666666666667 3 5 5 9 0 0 0 0
"626" "H" 3 22 1 0 2.66666666666667 7 10 10 2 0 0 0 0
"627" NA 6 8 0 0 5.33333333333333 6 5 5 4 0 0 0 0
"628" "A" 10 18 1 0 4.33333333333333 3.66666666666667 5 5 7 0 0 0 0
"629" "A" NA 13 1 0 6 4 4 4 4 0 0 0 0
"630" NA 1 15 0 1 3.33333333333333 5 6 9 5 0 NA NA NA
"631" "H" 9 17 1 0 3.66666666666667 4 6 5 8 0 0 0 0
"632" "H" NA 12 0 0 4 3.66666666666667 8 7 3 0 NA NA NA
"633" NA 2 10 0 0 4.66666666666667 6.66666666666667 4 7 5 0 NA NA NA
"634" "H" 5 10 0 0 5.33333333333333 6.33333333333333 4 7 3 0 0 0 0
"635" "A" NA 12 0 0 2.33333333333333 2 10 5 8 0 NA NA NA
"636" "H" 6 14 0 0 4.66666666666667 7 3 6 7 0 0 0 0
"637" "FRP" 5 16 0 0 5.33333333333333 6 6 4 4 0 0 0 0
"638" "Other" 1 13 0 0 6.66666666666667 4.66666666666667 2 4 4 0 1 0 1
"639" "H" 5 17 1 0 3.66666666666667 5.66666666666667 5 5 9 0 0 0 0
"640" NA 10 11 1 0 5 4.66666666666667 5 3 7 0 0 0 0
"641" "H" 6 14 0 0 3.33333333333333 7 6 7 7 0 0 0 0
"642" "H" 6 20 0 0 4.33333333333333 7.66666666666667 7 4 6 0 1 0 1
"643" NA 10 12 0 0 3.66666666666667 2.33333333333333 8 7 4 0 0 0 0
"644" "H" 3 13 0 0 3 3.66666666666667 5 7 9 0 0 1 1
"645" NA 5 13 0 0 4.33333333333333 6 5 5 7 0 NA NA NA
"646" "FRP" 5 14 1 0 5.33333333333333 7.66666666666667 7 3 4 0 0 1 1
"647" "A" 8 11 1 0 5 5.66666666666667 7 2 6 0 0 0 0
"648" NA NA 9 0 1 5.33333333333333 6.66666666666667 6 3 5 0 NA NA NA
"649" NA NA 9 1 0 6 6 3 NA 5 0 NA NA NA
"650" "H" 8 17 1 0 4.33333333333333 3.5 5 5 7 0 0 0 0
"651" "FRP" 2 12 0 0 6 8 7 2 3 0 NA NA NA
"652" NA 4 11 1 0 5.33333333333333 6.66666666666667 5 4 5 0 NA NA NA
"653" "FRP" 7 15 0 0 6 6.33333333333333 5 2 5 0 0 0 0
"654" NA NA 13 0 0 8.33333333333333 7.66666666666667 0 5 0 0 0 1 1
"655" "H" 7 3 0 0 6.66666666666667 7.33333333333333 4 3 3 0 NA NA NA
"656" "A" 2 10 1 0 3 5.66666666666667 7 7 7 0 0 0 0
"657" "A" 9 13 1 0 3.66666666666667 5.66666666666667 8 4 7 0 0 0 0
"658" "A" 10 17 1 0 5 5 6 5 4 0 0 0 0
"659" "A" 7 13 0 0 3 3.33333333333333 9 4 8 0 0 0 0
"660" NA 5 13 0 0 7 8 3 3 3 0 0 1 1
"661" "H" 10 16 1 0 4.33333333333333 4.66666666666667 5 4 8 0 0 0 0
"662" "A" 1 13 1 0 6.33333333333333 5 4 3 4 0 0 0 0
"663" "FRP" 8 15 0 0 9.33333333333333 9.33333333333333 2 0 0 0 0 0 0
"664" "V" 6 16 1 0 3 3.66666666666667 5 8 8 0 0 0 0
"665" NA 1 11 1 0 8.66666666666667 9.66666666666667 4 0 0 0 1 0 1
"666" "V" 1 13 1 0 1.66666666666667 2 10 8 7 0 0 0 0
"667" "SP" 10 18 0 0 2.33333333333333 3.66666666666667 8 8 7 0 0 0 0
"668" "H" 7 15 0 0 4.66666666666667 2.66666666666667 5 7 4 0 0 0 0
"669" "A" 4 16 1 0 2 2.33333333333333 7 8 9 1 1 0 1
"670" "A" 6 17 0 0 3 4.33333333333333 8 5 8 0 0 0 0
"671" "KRF" 7 19 0 0 5.33333333333333 7.33333333333333 5 7 2 0 1 0 1
"672" "H" 10 12 1 0 4.33333333333333 5.66666666666667 6 5 6 0 0 0 0
"673" "A" 1 17 0 0 4.33333333333333 4.66666666666667 5 6 6 0 0 0 0
"674" "H" 7 11 1 0 4 4.33333333333333 6 5 7 0 0 0 0
"675" "A" 1 15 0 0 3.66666666666667 3 5 7 7 0 1 0 1
"676" "H" NA 16 1 0 3 3.66666666666667 8 5 8 0 0 0 0
"677" "A" 10 9 0 0 2.66666666666667 4 7 7 8 0 0 0 0
"678" "A" 10 5 1 0 3.66666666666667 4.66666666666667 8 5 6 0 0 0 0
"679" "H" 10 12 0 0 5.33333333333333 5 6 3 5 0 0 1 1
"680" "RODT" 6 16 0 0 5.66666666666667 4.33333333333333 5 3 5 0 1 0 1
"681" "H" 10 17 0 1 4.33333333333333 5 7 3 7 0 0 0 0
"682" "A" 9 18 1 0 6 7.33333333333333 5 2 5 0 0 0 0
"683" "SV" 8 16 0 0 3.33333333333333 2.66666666666667 7 7 6 0 0 0 0
"684" "A" 4 18 1 0 1.66666666666667 3.33333333333333 8 8 9 0 0 0 0
"685" NA 7 17 1 1 4.33333333333333 4.66666666666667 7 5 5 0 0 0 0
"686" "H" 1 18 1 0 5.33333333333333 5 4 5 5 0 0 0 0
"687" "FRP" 3 11 0 0 7 8.66666666666667 2 4 3 0 0 0 0
"688" "H" 7 17 1 0 7.33333333333333 8.33333333333333 3 0 5 0 0 0 0
"689" NA 7 11 0 0 6.33333333333333 6.33333333333333 2 4 5 0 NA NA NA
"690" "V" 10 20 1 0 3.33333333333333 5 6 6 8 0 1 0 1
"691" "H" NA 13 1 0 5 5.66666666666667 5 4 6 1 1 0 1
"692" NA 5 14 0 1 2 3.33333333333333 8 8 8 0 0 0 0
"693" NA 2 18 1 0 2 3 7 9 8 1 1 0 1
"694" "A" 4 16 1 0 1.66666666666667 3.66666666666667 8 8 9 0 0 0 0
"695" "H" 8 14 1 1 4.66666666666667 7.33333333333333 5 4 7 0 0 0 0
"696" "H" 5 13 1 0 6.33333333333333 6.66666666666667 4 2 5 0 0 0 0
"697" "FRP" 6 12 1 0 5.66666666666667 6.33333333333333 5 3 5 0 0 0 0
"698" "H" 4 14 0 0 5 4.66666666666667 8 2 5 0 NA NA NA
"699" "SV" 1 10 1 0 4.66666666666667 5.33333333333333 6 5 5 0 0 0 0
"700" "KRF" 6 12 1 0 4 5.66666666666667 8 5 5 0 0 0 0
"701" "A" 8 19 1 0 4 5 5 6 7 0 0 0 0
"702" "H" 10 17 0 0 7.66666666666667 6.66666666666667 3 2 2 0 0 0 0
"703" "A" 10 22 0 0 2 2.33333333333333 9 5 10 0 0 0 0
"704" "KRF" 4 16 1 0 4.66666666666667 6.66666666666667 5 5 6 0 NA NA NA
"705" NA 6 14 0 1 6.33333333333333 4.66666666666667 3 4 4 0 0 0 0
"706" NA 1 15 1 0 5 7 5 5 5 0 0 0 0
"707" "FRP" 2 23 1 1 NA NA NA NA NA 0 0 0 0
"708" "FRP" NA 14 0 0 6.33333333333333 9.66666666666667 5 3 3 0 0 0 0
"709" NA 4 12 1 0 5 5.33333333333333 5 5 5 0 0 0 0
"710" "H" 5 17 1 0 5 5 5 5 5 0 0 0 0
"711" "RODT" 4 20 1 0 2.66666666666667 4.66666666666667 8 8 6 0 0 0 0
"712" "A" 9 14 0 0 3.66666666666667 3.33333333333333 7 5 7 0 0 0 0
"713" "A" 8 16 0 0 4.5 6 6 NA 5 0 0 0 0
"714" "A" 6 18 0 0 3 3.66666666666667 8 5 8 0 0 0 0
"715" "FRP" 7 16 0 0 5.66666666666667 5.33333333333333 5 4 4 0 0 0 0
"716" "SP" 8 14 0 1 4 5.33333333333333 6 5 7 0 0 0 0
"717" "A" 6 16 1 0 5.66666666666667 4.66666666666667 5 5 3 0 0 0 0
"718" "A" 9 17 1 0 8 7 1 2 3 0 0 0 0
"719" "KRF" 4 17 0 0 5.66666666666667 6 5 3 5 0 1 0 1
"720" "H" 4 16 0 0 3.33333333333333 7 5 5 10 0 NA NA NA
"721" "SP" 10 17 0 0 3.33333333333333 5.66666666666667 8 6 6 0 0 0 0
"722" "KRF" 4 7 0 1 6.66666666666667 6.33333333333333 5 3 2 0 0 1 1
"723" "KRF" 2 11 1 0 4.66666666666667 5 6 5 5 0 0 0 0
"724" "KRF" 3 8 0 0 5.33333333333333 6.66666666666667 7 5 2 0 NA NA NA
"725" "H" 2 11 0 0 4.33333333333333 4.66666666666667 5 5 7 0 0 0 0
"726" NA 8 11 1 0 3.33333333333333 5 8 5 7 0 1 0 1
"727" "FRP" 7 12 0 0 3.33333333333333 7.66666666666667 8 4 8 0 0 0 0
"728" "H" 5 16 0 0 4.33333333333333 7.33333333333333 7 4 6 0 0 0 0
"729" "FRP" 8 12 0 0 5.66666666666667 6.33333333333333 5 5 3 0 0 0 0
"730" "H" 4 17 1 0 3.33333333333333 4 8 5 7 0 0 0 0
"731" "A" 2 8 0 0 5 8 6 6 3 0 0 0 0
"732" "SP" NA 5 1 0 4 2.33333333333333 8 5 5 0 0 1 1
"733" "A" 7 4 0 0 4 5 5 7 6 0 0 0 0
"734" "H" 6 14 0 0 3 3.66666666666667 8 5 8 0 0 0 0
"735" "MDG" 5 19 1 0 3.33333333333333 1.66666666666667 5 5 10 0 0 0 0
"736" NA 4 10 0 0 6.66666666666667 6.66666666666667 6 3 1 0 0 1 1
"737" "H" 9 14 1 0 3.66666666666667 3.33333333333333 8 5 6 0 0 0 0
"738" "A" 9 13 0 0 7.33333333333333 6.33333333333333 5 1 2 0 0 0 0
"739" "SV" 4 13 1 0 4 5.33333333333333 6 5 7 0 0 0 0
"740" "FRP" 3 13 1 0 7.66666666666667 6.66666666666667 2 2 3 0 1 0 1
"741" "FRP" 2 20 0 0 5.66666666666667 6.33333333333333 5 3 5 0 0 0 0
"742" "H" 1 17 1 0 3.66666666666667 5.33333333333333 6 3 10 0 1 0 1
"743" "H" 4 13 1 1 5.33333333333333 5.66666666666667 5 5 4 0 0 0 0
"744" "MDG" 2 16 0 1 4.33333333333333 4 5 5 7 0 NA NA NA
"745" NA 3 10 0 1 4.66666666666667 5.66666666666667 5 5 6 0 0 0 0
"746" "H" 8 10 1 0 4.66666666666667 6.33333333333333 6 4 6 0 0 0 0
"747" "A" 2 12 0 0 4.66666666666667 5.33333333333333 5 5 6 0 0 0 0
"748" "H" 1 15 1 0 7 8 5 3 1 0 0 0 0
"749" "A" 9 17 1 1 5 5 5 5 5 0 0 0 0
"750" NA 8 14 0 0 6.33333333333333 5 5 3 3 0 1 0 1
"751" "H" 4 11 1 0 5 7.33333333333333 6 5 4 0 1 0 1
"752" "V" 6 17 0 0 5.33333333333333 7 3 3 8 0 0 0 0
"753" "Other" 1 10 1 0 3.66666666666667 6.33333333333333 7 5 7 0 1 0 1
"754" "A" 7 20 0 0 7 7.33333333333333 5 1 3 0 0 0 0
"755" "A" 5 18 1 0 4.33333333333333 4.33333333333333 7 4 6 0 0 0 0
"756" "H" 8 13 1 0 5.33333333333333 4.66666666666667 6 3 5 0 NA NA NA
"757" "Other" 1 13 1 0 8.66666666666667 9.33333333333333 0 0 4 0 0 0 0
"758" NA 2 14 0 0 4.66666666666667 5.66666666666667 5 5 6 1 0 0 1
"759" NA 7 10 0 0 3.66666666666667 5 6 6 7 0 NA NA NA
"760" "A" 4 12 0 0 3.66666666666667 6 6 7 6 0 0 0 0
"761" "SP" 8 16 1 0 3.33333333333333 3 8 5 7 0 0 0 0
"762" "FRP" 4 9 0 0 3.66666666666667 7.33333333333333 8 7 4 0 0 0 0
"763" "RODT" 1 11 1 0 4 4.66666666666667 5 NA 7 0 0 0 0
"764" "KRF" 4 13 1 0 5.66666666666667 6 5 4 4 0 1 0 1
"765" NA 1 16 1 0 5 4.33333333333333 5 4 6 0 1 0 1
"766" NA 4 23 0 0 4.66666666666667 5 6 5 5 0 0 0 0
"767" "A" 5 22 0 0 0.333333333333334 3 10 10 9 0 0 0 0
"768" "V" 7 17 1 0 4.33333333333333 4.33333333333333 5 5 7 0 0 0 0
"769" NA NA 12 1 0 5 7 2 4 9 0 0 0 0
"770" "A" 6 15 0 0 3.66666666666667 4.66666666666667 6 7 6 0 0 0 0
"771" "A" 6 18 1 0 6.33333333333333 3.66666666666667 1 4 6 0 0 0 0
"772" "H" 2 19 1 0 4.66666666666667 4.66666666666667 5 5 6 0 0 0 0
"773" "A" 10 19 0 0 2.66666666666667 3.66666666666667 7 8 7 0 0 0 0
"774" NA 5 20 1 1 4.66666666666667 6.66666666666667 5 6 5 0 0 0 0
"775" "H" 8 15 0 0 3.66666666666667 4.66666666666667 6 6 7 0 0 0 0
"776" NA 2 12 0 1 4.33333333333333 5 8 5 4 0 0 0 0
"777" "FRP" 2 16 1 1 6 4.66666666666667 5 2 5 0 NA NA NA
"778" "H" 4 11 0 1 6 8 4 5 3 0 0 0 0
"779" NA 3 14 0 0 5.33333333333333 5.33333333333333 5 5 4 0 0 0 0
"780" "A" 8 13 0 0 4.33333333333333 5.33333333333333 6 4 7 0 0 0 0
"781" NA 1 15 0 0 8.33333333333333 5.66666666666667 1 2 2 0 1 0 1
"782" "A" 5 19 0 0 2.66666666666667 3.33333333333333 7 7 8 0 0 0 0
"783" NA 10 11 0 0 3.33333333333333 5.66666666666667 6 6 8 0 0 0 0
"784" "H" 4 12 1 0 7 5.66666666666667 5 1 3 0 NA NA NA
"785" "H" 3 11 1 0 5.66666666666667 7.66666666666667 5 5 3 0 0 0 0
"786" "A" 1 17 1 0 6.33333333333333 6.33333333333333 5 3 3 0 1 0 1
"787" "H" 10 14 0 0 2.66666666666667 5.33333333333333 7 7 8 0 0 0 0
"788" "A" 10 16 1 0 6.33333333333333 6.66666666666667 5 3 3 0 0 0 0
"789" "A" 3 13 0 0 5 6 7 5 3 0 0 0 0
"790" "KRF" 5 18 1 0 5 5 7 5 3 0 0 0 0
"791" NA 2 12 0 0 3 7 7 7 7 0 0 0 0
"792" NA 2 7 0 0 7.33333333333333 8 5 2 1 0 0 1 1
"793" "FRP" 3 14 0 1 7.66666666666667 9 2 3 2 0 NA NA NA
"794" "RODT" 6 15 0 0 2 3.66666666666667 8 8 8 0 0 0 0
"795" "H" 4 8 0 0 3.66666666666667 4.66666666666667 6 6 7 0 0 1 1
"796" NA 1 9 0 1 7.66666666666667 9.66666666666667 2 2 3 0 0 0 0
"797" "FRP" 7 16 0 0 7.66666666666667 7.66666666666667 5 1 1 0 0 0 0
"798" "A" 4 16 0 0 4.66666666666667 4.33333333333333 6 5 5 0 0 1 1
"799" "FRP" 1 7 0 1 6 8 5 2 5 0 0 0 0
"800" "H" 8 17 0 0 6.33333333333333 7.33333333333333 3 4 4 0 0 0 0
"801" "SV" 6 16 1 0 2 3 9 8 7 0 0 0 0
"802" "SP" 4 11 1 0 5.66666666666667 8 5 3 5 0 1 0 1
"803" "H" 10 17 0 0 2.66666666666667 3.66666666666667 7 7 8 0 NA NA NA
"804" "A" 6 11 0 0 6.33333333333333 4.66666666666667 9 2 0 0 0 0 0
"805" "H" 7 15 0 0 4 5.33333333333333 5 5 8 0 0 0 0
"806" "SV" 10 12 0 1 4.33333333333333 7.33333333333333 9 7 1 0 0 0 0
"807" "H" 5 9 1 0 6 6.33333333333333 4 4 4 0 0 0 0
"808" NA 2 12 1 1 5.66666666666667 7.66666666666667 5 5 3 0 0 0 0
"809" "FRP" 2 12 1 1 5.66666666666667 5.66666666666667 5 4 4 0 0 0 0
"810" "SP" 7 12 1 0 6.66666666666667 7.66666666666667 4 3 3 0 0 0 0
"811" "FRP" 6 9 0 0 8.66666666666667 9.33333333333333 1 2 1 0 0 0 0
"812" "H" 10 16 1 0 2 3 8 9 7 0 0 0 0
"813" "H" 8 17 1 1 4.66666666666667 5.66666666666667 4 5 7 0 0 0 0
"814" "H" 10 12 0 0 5.33333333333333 5 6 2 6 0 0 0 0
"815" "FRP" 8 17 0 0 6.33333333333333 7.66666666666667 5 1 5 0 0 0 0
"816" NA 4 12 1 1 4.33333333333333 5.33333333333333 7 5 5 0 0 0 0
"817" "FRP" 7 13 1 0 5.66666666666667 5 7 2 4 0 1 0 1
"818" NA 6 17 0 0 3 5 5 9 7 0 0 0 0
"819" "A" 6 12 0 0 3.33333333333333 8 9 2 9 1 0 0 1
"820" "H" 5 20 1 1 4.33333333333333 4.66666666666667 7 5 5 0 0 0 0
"821" NA 9 12 1 0 3 3.66666666666667 7 7 7 0 0 0 0
"822" NA NA NA 1 1 1 6 10 8 9 0 NA NA NA
"823" NA 4 13 0 1 4 7.66666666666667 6 7 5 0 1 0 1
"824" NA 6 9 0 0 4.33333333333333 5.66666666666667 4 6 7 0 NA NA NA
"825" NA NA 13 1 1 4.66666666666667 8.66666666666667 5 6 5 0 0 0 0
"826" NA NA 9 1 0 1.66666666666667 1.66666666666667 10 5 10 0 0 0 0
"827" "H" 2 16 0 0 3.33333333333333 5.33333333333333 7 6 7 0 0 0 0
"828" "SV" 8 7 1 0 6 2 0 5 7 0 0 0 0
"829" "H" 10 16 1 0 5 5 5 5 5 0 0 0 0
"830" "A" 8 9 1 0 4.33333333333333 5.33333333333333 5 5 7 0 0 0 0
"831" "SV" 3 10 0 0 3.66666666666667 5.66666666666667 7 5 7 0 0 0 0
"832" "H" 10 3 0 0 5 5.66666666666667 5 5 5 0 0 0 0
"833" "H" 10 14 0 0 4 4.33333333333333 6 7 5 0 0 0 0
"834" NA 5 18 1 1 2.66666666666667 5 7 7 8 1 0 0 1
"835" "H" 7 15 1 1 2.66666666666667 3 7 8 7 0 0 0 0
"836" "KRF" 8 17 1 0 3 4.33333333333333 7 6 8 0 0 0 0
"837" "A" 6 18 0 0 3 4.66666666666667 7 6 8 0 0 0 0
"838" "H" 8 14 0 0 3.66666666666667 6 6 7 6 0 0 0 0
"839" "A" 9 14 0 0 3.33333333333333 3.66666666666667 7 5 8 0 0 0 0
"840" "FRP" 10 17 0 0 6.66666666666667 5.66666666666667 5 2 3 0 0 0 0
"841" NA 6 16 0 1 3.33333333333333 4 8 4 8 0 0 0 0
"842" NA 1 15 0 1 3.66666666666667 3.66666666666667 5 7 7 0 1 0 1
"843" "FRP" 10 17 0 0 6 5.33333333333333 5 3 4 0 0 1 1
"844" "FRP" 4 7 0 0 2.66666666666667 6 7 7 8 0 0 0 0
"845" "A" 5 19 1 0 4.33333333333333 4 7 3 7 0 NA NA NA
"846" NA 8 18 1 1 3.33333333333333 3 7 6 7 0 0 0 0
"847" "H" 9 15 1 1 5 6 5 5 5 0 0 1 1
"848" "SP" 7 12 0 0 4 5.33333333333333 8 4 6 0 0 0 0
"849" "V" 3 16 1 0 2.66666666666667 4.33333333333333 8 6 8 0 0 0 0
"850" "V" 10 14 0 0 3.66666666666667 5.66666666666667 5 6 8 0 0 0 0
"851" NA 7 14 1 0 5.33333333333333 7 6 3 5 0 1 0 1
"852" NA NA 11 1 0 1 1.66666666666667 10 8 9 0 1 0 1
"853" "H" 10 18 1 0 5 5.66666666666667 7 3 5 0 0 0 0
"854" "A" 8 17 0 0 4.33333333333333 4.66666666666667 6 3 8 0 0 0 0
"855" NA 7 18 0 0 4.66666666666667 6 6 5 5 0 0 0 0
"856" NA 10 18 0 0 4.66666666666667 3.66666666666667 5 3 8 0 0 0 0
"857" NA 6 19 0 0 3.33333333333333 3.66666666666667 7 5 8 0 1 0 1
"858" NA 10 17 0 0 3 4 7 7 7 0 0 0 0
"859" "FRP" NA 11 1 0 3 5 4 NA 10 0 NA NA NA
"860" "A" 6 13 0 0 4.66666666666667 4.33333333333333 7 2 7 0 0 0 0
"861" "FRP" 3 10 0 0 6 7.66666666666667 5 2 5 0 0 0 0
"862" "V" 4 9 0 0 5.66666666666667 5.66666666666667 8 2 3 0 0 0 0
"863" NA 10 9 0 0 5.66666666666667 5 3 4 6 0 NA NA NA
"864" "H" 3 14 0 0 3.33333333333333 6 6 7 7 0 0 1 1
"865" NA 2 10 0 0 6 8.33333333333333 5 3 4 0 0 1 1
"866" "FRP" 9 14 0 1 2.66666666666667 7.33333333333333 7 7 8 0 0 0 0
"867" "A" 3 9 1 0 4.66666666666667 9.66666666666667 5 6 5 0 0 0 0
"868" "A" 4 16 1 0 3.33333333333333 4 8 5 7 0 0 0 0
"869" NA 9 13 1 1 1 6 8 10 9 0 1 0 1
"870" NA 2 9 1 0 4 5.33333333333333 8 5 5 0 NA NA NA
"871" "KRF" 2 7 1 0 4.33333333333333 7.66666666666667 7 6 4 0 0 1 1
"872" "H" 7 12 0 0 8 8.66666666666667 5 0 1 0 0 0 0
"873" "H" 5 14 1 0 2.66666666666667 4.33333333333333 8 7 7 0 0 0 0
"874" NA 9 10 0 0 2.33333333333333 3.33333333333333 8 7 8 0 0 0 0
"875" "KRF" 3 19 1 0 5 4.66666666666667 4 5 6 0 0 0 0
"876" NA 8 11 0 0 5 5.66666666666667 5 5 5 0 0 0 0
"877" "KRF" 9 12 0 0 3 7.66666666666667 5 7 9 0 0 0 0
"878" NA 3 16 1 0 5.66666666666667 7.66666666666667 6 3 4 0 0 0 0
"879" "H" 3 12 0 0 1.66666666666667 8.66666666666667 9 8 8 0 0 1 1
"880" NA 9 12 0 0 4.33333333333333 6.66666666666667 4 6 7 0 0 0 0
"881" "KRF" 5 13 0 0 5 4 5 3 7 0 0 0 0
"882" NA 7 13 0 0 8.33333333333333 9.33333333333333 4 1 0 0 0 1 1
"883" "A" 9 10 0 0 2.66666666666667 5.33333333333333 7 7 8 0 0 0 0
"884" "H" 10 17 0 0 2.66666666666667 4.33333333333333 8 7 7 0 0 0 0
"885" "H" 9 14 0 0 2 4.66666666666667 8 9 7 0 0 0 0
"886" "A" 9 14 1 0 2.33333333333333 5.66666666666667 8 8 7 0 0 0 0
"887" "FRP" 1 18 0 0 8.33333333333333 9.66666666666667 5 0 0 1 1 0 1
"888" NA 9 10 0 0 4.66666666666667 4.66666666666667 6 6 4 0 NA NA NA
"889" "MDG" 10 23 1 1 5.66666666666667 6.33333333333333 5 5 3 0 0 0 0
"890" NA 9 15 0 0 3.66666666666667 4.33333333333333 5 7 7 0 0 0 0
"891" NA 5 11 0 1 5.66666666666667 6 0 6 7 0 0 0 0
"892" "H" 7 16 1 0 5.66666666666667 7.33333333333333 7 3 3 0 1 0 1
"893" "H" 5 11 0 0 4 7.33333333333333 7 4 7 0 0 0 0
"894" "H" 9 13 0 0 4.33333333333333 6 5 7 5 0 0 0 0
"895" "H" 9 17 0 0 5.33333333333333 6 6 5 3 0 0 0 0
"896" "H" NA 16 1 1 8.33333333333333 7 0 0 5 0 0 1 1
"897" "KRF" 8 12 1 0 3.33333333333333 6 8 5 7 0 0 0 0
"898" "KRF" 6 15 0 0 5 7.33333333333333 6 2 7 0 0 0 0
"899" "H" 10 11 0 0 2.66666666666667 3.33333333333333 5 8 9 0 0 0 0
"900" "A" 4 11 1 0 4 3.66666666666667 8 5 5 0 0 0 0
"901" "KRF" 6 11 0 0 3.33333333333333 4.66666666666667 7 5 8 0 0 0 0
"902" "A" 5 19 1 0 5.66666666666667 6.33333333333333 5 4 4 0 1 0 1
"903" "A" 1 8 1 0 3.33333333333333 6 7 8 5 0 NA NA NA
"904" NA 2 15 0 1 5 5.66666666666667 3 7 5 0 0 0 0
"905" "SP" 10 12 0 0 5.33333333333333 8.33333333333333 5 3 6 0 0 0 0
"906" "H" 7 13 0 0 6.66666666666667 9 3 5 2 0 NA NA NA
"907" "FRP" 4 9 0 0 5.66666666666667 6 6 3 4 0 0 0 0
"908" "FRP" 8 12 1 0 8.33333333333333 8 2 2 1 0 0 0 0
"909" "KRF" 5 10 1 0 4.33333333333333 5.33333333333333 7 5 5 0 0 0 0
"910" "KRF" 1 8 1 0 4 6.5 NA 6 NA 0 0 1 1
"911" NA 9 12 1 0 4.66666666666667 7 5 6 5 0 0 1 1
"912" "FRP" 6 18 0 0 5 7 5 5 5 0 0 1 1
"913" "H" 3 12 0 0 4 5.66666666666667 8 3 7 0 0 0 0
"914" NA 2 11 0 1 4.66666666666667 6.33333333333333 7 5 4 0 0 0 0
"915" "H" 6 11 0 0 4 5.66666666666667 7 6 5 0 0 0 0
"916" "FRP" 8 7 1 0 5.33333333333333 7 8 4 2 0 0 0 0
"917" "KRF" 1 9 0 0 5 8 5 5 5 0 NA NA NA
"918" "A" 3 8 1 0 3.33333333333333 3.66666666666667 7 8 5 0 0 0 0
"919" "MDG" 4 16 0 1 4.66666666666667 6.33333333333333 6 2 8 0 1 0 1
"920" "SV" 1 13 0 1 3.66666666666667 5.33333333333333 6 5 8 0 NA NA NA
"921" "V" 3 12 0 0 2 4.33333333333333 10 8 6 0 0 0 0
"922" NA 10 15 0 1 4.66666666666667 7.66666666666667 5 4 7 0 1 0 1
"923" "A" 1 14 0 0 4.5 3.33333333333333 NA 5 6 0 0 0 0
"924" "H" 10 20 1 0 4.66666666666667 5.33333333333333 5 6 5 0 NA NA NA
"925" "H" 10 23 0 0 1 4.66666666666667 8 10 9 0 0 0 0
"926" "FRP" 7 12 0 0 5.66666666666667 5.66666666666667 7 4 2 0 0 0 0
"927" "Other" 9 19 1 0 6 5 5 3 4 0 NA NA NA
"928" NA 6 20 0 1 0 3.33333333333333 10 10 10 0 1 0 1
"929" "H" 8 24 0 0 3.66666666666667 5 8 3 8 0 0 0 0
"930" "A" 7 20 1 0 3.33333333333333 2.33333333333333 8 4 8 0 NA NA NA
"931" "A" 4 15 0 0 5 6.33333333333333 1 6 8 0 0 0 0
"932" "KRF" 3 15 1 0 4.33333333333333 4.33333333333333 7 5 5 0 0 0 0
"933" "V" 4 19 0 0 3.33333333333333 2 8 5 7 0 0 0 0
"934" "H" 10 21 0 0 2.5 5.33333333333333 8 NA 7 0 0 0 0
"935" NA 6 13 0 1 4.33333333333333 5.66666666666667 5 5 7 0 0 0 0
"936" "A" 9 13 0 1 4 4.33333333333333 4 6 8 1 0 0 1
"937" "A" 6 11 0 0 3.33333333333333 4.66666666666667 6 7 7 0 0 0 0
"938" NA 6 11 1 0 5.66666666666667 7 5 4 4 0 NA NA NA
"939" "FRP" NA 14 1 0 5 5.66666666666667 5 5 5 0 1 0 1
"940" "H" 8 18 1 0 3.33333333333333 5 7 6 7 0 0 0 0
"941" "H" 8 18 0 0 4.66666666666667 4.33333333333333 5 5 6 0 0 0 0
"942" "H" 9 23 0 0 5 4.33333333333333 6 3 6 0 0 0 0
"943" "A" 10 19 1 0 3.33333333333333 4.33333333333333 7 5 8 0 0 0 0
"944" "A" 3 7 1 0 3 4.66666666666667 7 8 6 0 0 0 0
"945" NA 5 11 1 0 5 3.66666666666667 5 6 4 0 1 0 1
"946" "SV" 10 17 0 0 3 4 7 7 7 0 0 0 0
"947" "A" 4 17 1 0 3 4.66666666666667 9 5 7 0 0 0 0
"948" NA 9 18 0 0 4 5 7 4 7 0 0 0 0
"949" "H" 4 13 0 0 5 5.33333333333333 5 5 5 0 NA NA NA
"950" "A" 4 16 1 0 4.33333333333333 4.66666666666667 5 5 7 0 0 0 0
"951" "A" 6 16 1 1 4.66666666666667 6.33333333333333 6 4 6 0 0 0 0
"952" "A" 4 9 1 0 4 5.66666666666667 5 6 7 0 0 0 0
"953" "SP" 9 16 0 0 3.66666666666667 4 7 6 6 0 0 0 0
"954" "H" 3 18 1 0 4.33333333333333 4 6 6 5 0 0 0 0
"955" "A" 9 14 0 0 1 1.66666666666667 8 10 9 0 NA NA NA
"956" "H" 7 11 1 0 5.66666666666667 4.33333333333333 3 4 6 0 0 0 0
"957" "V" 1 9 1 0 4 7.5 8 5 5 0 0 0 0
"958" "SV" 1 14 1 1 4.33333333333333 5.33333333333333 6 4 7 0 1 0 1
"959" "KRF" 7 19 1 0 5.33333333333333 5.33333333333333 5 4 5 0 0 0 0
"960" "V" 4 16 0 0 2.33333333333333 3 8 7 8 0 0 0 0
"961" "V" 8 17 1 0 3.66666666666667 4.33333333333333 6 6 7 0 0 0 0
"962" NA 2 9 1 0 6.33333333333333 8.33333333333333 5 1 5 0 0 0 0
"963" "SV" 1 11 1 0 2 4 8 7 9 0 NA NA NA
"964" NA 6 13 0 0 5 5.66666666666667 5 5 5 0 NA NA NA
"965" "H" 9 17 1 0 4 5 6 5 7 0 0 0 0
"966" "H" 4 12 0 0 7.33333333333333 7.33333333333333 2 4 2 0 0 0 0
"967" "H" 3 12 0 0 4 5.66666666666667 6 5 7 0 0 0 0
"968" "H" 1 7 1 0 1.66666666666667 4.66666666666667 8 7 10 0 0 0 0
"969" "SV" 5 17 1 0 5.66666666666667 6.33333333333333 3 5 5 0 0 0 0
"970" "A" 6 11 1 0 4 5.33333333333333 7 5 6 0 0 0 0
"971" "H" 7 14 0 0 5.33333333333333 7 5 5 4 0 NA NA NA
"972" "FRP" 7 14 0 0 5.66666666666667 5.33333333333333 5 2 6 0 0 0 0
"973" "H" 5 15 1 0 5.66666666666667 5.33333333333333 8 3 2 0 0 0 0
"974" "H" 6 9 0 0 5 6.33333333333333 3 7 5 0 NA NA NA
"975" "A" 2 11 1 0 6.33333333333333 7.66666666666667 2 4 5 0 0 0 0
"976" "A" 9 17 0 0 4.66666666666667 5.66666666666667 5 4 7 0 0 0 0
"977" "H" 4 12 0 0 5.33333333333333 7 8 2 4 0 0 0 0
"978" "H" 8 9 1 1 2.33333333333333 3.66666666666667 7 8 8 0 0 0 0
"979" "V" 10 14 1 0 2.33333333333333 4.33333333333333 8 8 7 0 1 0 1
"980" "H" 3 12 0 0 4 4.33333333333333 5 8 5 0 0 0 0
"981" "H" 7 12 0 0 4.33333333333333 7.33333333333333 7 5 5 0 0 0 0
"982" "A" 10 20 0 0 3.66666666666667 5 8 5 6 0 1 0 1
"983" "A" 10 15 1 0 5.33333333333333 3.33333333333333 2 5 7 0 0 0 0
"984" "FRP" 5 10 1 0 4.33333333333333 5.33333333333333 7 5 5 0 0 0 0
"985" "H" 5 15 1 0 8.33333333333333 9 3 0 2 0 0 0 0
"986" "H" 1 15 1 0 2.66666666666667 3.33333333333333 7 5 10 0 0 0 0
"987" NA 3 11 0 0 5.33333333333333 5.66666666666667 5 5 4 0 1 0 1
"988" "V" 9 14 1 0 2.66666666666667 3.33333333333333 9 4 9 0 0 0 0
"989" "H" 4 12 0 0 3.66666666666667 4 6 6 7 0 0 0 0
"990" "A" 9 15 0 0 2.66666666666667 2.66666666666667 7 7 8 0 0 0 0
"991" NA 10 8 1 1 3.66666666666667 4.33333333333333 7 4 8 0 0 1 1
"992" "A" 4 12 1 0 7 5.66666666666667 1 5 3 0 1 0 1
"993" "FRP" 3 12 0 0 3.66666666666667 6 8 6 5 0 0 0 0
"994" "SP" 2 10 0 0 3.66666666666667 5 6 5 8 0 NA NA NA
"995" NA 9 9 0 0 3.66666666666667 6 7 4 8 0 1 0 1
"996" "FRP" 2 10 0 0 8.33333333333333 8.33333333333333 2 2 1 0 0 1 1
"997" NA 5 11 1 0 6 5 3 4 5 0 1 0 1
"998" "H" 3 15 0 0 5 3.66666666666667 7 5 3 0 0 0 0
"999" "Other" 10 17 1 1 6.66666666666667 5.66666666666667 5 2 3 0 0 0 0
"1000" NA 3 9 0 0 6 8.33333333333333 7 3 2 0 0 0 0
"1001" "H" 10 12 0 0 6 5.66666666666667 5 3 4 0 0 0 0
"1002" "H" 4 13 0 0 7 7.66666666666667 3 3 3 0 0 0 0
"1003" NA 10 14 1 1 4.66666666666667 5.33333333333333 6 4 6 0 0 0 0
"1004" NA 7 11 1 0 4 4.66666666666667 6 7 5 0 0 1 1
"1005" "A" 7 8 1 0 5 6.66666666666667 5 6 4 0 0 1 1
"1006" NA 4 12 0 0 2 6.66666666666667 9 8 7 0 0 0 0
"1007" "H" 2 10 1 0 3.33333333333333 5.33333333333333 7 7 6 0 1 0 1
"1008" "A" 8 7 0 0 5.5 6.33333333333333 NA 4 5 0 0 0 0
"1009" "H" 3 12 0 0 6.5 6.66666666666667 6 NA 1 0 0 0 0
"1010" "A" 6 17 0 0 6.33333333333333 8.66666666666667 6 2 3 0 0 0 0
"1011" NA 1 6 1 0 5.33333333333333 7 3 7 4 0 1 0 1
"1012" "H" 4 13 0 0 3.33333333333333 5 6 8 6 0 0 0 0
"1013" "H" 8 12 1 0 4 5 6 5 7 0 NA NA NA
"1014" NA 1 10 1 0 5 7 5 6 4 0 0 0 0
"1015" NA 1 14 1 1 2.33333333333333 4.66666666666667 9 6 8 0 0 0 0
"1016" "H" 7 12 0 0 7 7 2 2 5 0 0 0 0
"1017" NA 4 10 0 0 NA 6 NA NA NA 0 NA NA NA
"1018" "H" 3 8 0 0 3 5.33333333333333 7 6 8 0 0 0 0
"1019" "A" 3 11 1 0 4 4 5 6 7 0 0 0 0
"1020" NA 4 12 1 0 5 5 5 5 5 0 0 0 0
"1021" "SP" 6 15 1 0 5.66666666666667 4.33333333333333 5 3 5 0 0 0 0
"1022" NA 10 13 1 0 7 7 3 3 3 0 0 0 0
"1023" "SP" 3 12 0 0 4 5 6 6 6 0 0 1 1
"1024" NA 10 11 0 0 6 7.66666666666667 6 2 4 0 0 0 0
"1025" "H" 3 18 0 0 4 4.33333333333333 6 5 7 0 0 0 0
"1026" "H" 4 12 0 0 5.66666666666667 5 5 3 5 0 0 0 0
"1027" "SP" 3 10 0 0 6.33333333333333 5.66666666666667 6 2 3 0 NA NA NA
"1028" NA 2 10 0 0 4.66666666666667 7.33333333333333 6 5 5 0 0 0 0
"1029" NA 1 8 1 0 7 6 2 3 4 0 0 1 1
"1030" NA 1 12 1 1 4.33333333333333 4.5 6 3 8 0 0 0 0
"1031" "SP" 7 16 1 0 3 4.33333333333333 8 5 8 0 0 0 0
"1032" "H" 5 15 0 0 6.66666666666667 7 6 3 1 0 0 0 0
"1033" NA 6 12 1 0 3.66666666666667 5 7 6 6 0 0 0 0
"1034" NA NA 10 0 0 4.33333333333333 5.33333333333333 3 7 7 0 0 0 0
"1035" "H" 3 15 1 0 6.66666666666667 6.66666666666667 3 3 4 0 0 0 0
"1036" "FRP" 9 17 0 0 2.33333333333333 6.33333333333333 9 5 9 0 0 0 0
"1037" "H" 4 17 0 0 4.66666666666667 6.33333333333333 6 6 4 0 0 0 0
"1038" NA 5 18 0 1 4.33333333333333 7 6 4 7 0 0 0 0
"1039" "A" 4 13 1 0 3.5 4.33333333333333 8 5 NA 0 NA NA NA
"1040" "H" 4 15 1 1 2.66666666666667 3.66666666666667 7 7 8 0 0 0 0
"1041" NA NA 12 0 0 6.33333333333333 6 5 3 3 0 0 0 0
"1042" "A" 2 8 0 0 4.33333333333333 5.66666666666667 6 4 7 0 0 0 0
"1043" NA 2 13 0 0 3.66666666666667 4.33333333333333 5 8 6 0 NA NA NA
"1044" NA NA 10 0 0 5.66666666666667 8.33333333333333 3 3 7 0 NA NA NA
"1045" "V" 6 24 1 0 1.66666666666667 2.66666666666667 6 9 10 0 0 0 0
"1046" "FRP" 7 12 0 0 6.33333333333333 8.33333333333333 5 3 3 0 0 0 0
"1047" "A" 4 12 0 0 1.66666666666667 1.66666666666667 7 10 8 0 0 0 0
"1048" "FRP" 3 14 0 0 5.33333333333333 5 6 5 3 0 0 0 0
"1049" "H" 3 13 0 0 5 5.66666666666667 4 6 5 0 0 0 0
"1050" "A" 1 14 0 1 4.33333333333333 7 4 8 5 0 0 0 0
"1051" "A" 9 14 1 1 3.66666666666667 5 7 5 7 0 0 0 0
"1052" NA 8 14 0 0 6.66666666666667 7.33333333333333 5 2 3 0 0 0 0
"1053" NA 4 12 0 0 4.66666666666667 6.33333333333333 7 5 4 0 0 0 0
"1054" "H" 4 14 0 0 4 6.66666666666667 7 6 5 0 0 0 0
"1055" "A" 7 14 0 0 3.33333333333333 5 6 8 6 0 0 0 0
"1056" "SV" 7 20 1 1 4 4 7 3 8 0 0 0 0
"1057" "A" 4 9 0 0 4.66666666666667 4 6 5 5 0 0 0 0
"1058" "SV" 7 19 1 0 3.33333333333333 4.66666666666667 6 7 7 0 0 0 0
"1059" NA NA 19 1 1 1.66666666666667 4.33333333333333 10 5 10 0 NA NA NA
"1060" "V" 4 17 0 0 2.66666666666667 4.66666666666667 6 8 8 0 0 0 0
"1061" "A" 6 17 1 0 5.66666666666667 4.66666666666667 3 4 6 0 0 0 0
"1062" "H" 5 13 0 0 5 4.33333333333333 5 5 5 0 0 0 0
"1063" NA 2 11 0 0 6 8 5 5 2 0 1 0 1
"1064" "SP" 2 11 0 0 6.66666666666667 8.66666666666667 5 3 2 0 NA NA NA
"1065" "A" 3 11 1 0 4.33333333333333 5.33333333333333 8 4 5 0 0 0 0
"1066" NA 1 12 0 0 4.33333333333333 2 7 5 5 0 NA NA NA
"1067" "FRP" 2 13 0 0 4.66666666666667 7.33333333333333 6 5 5 0 0 0 0
"1068" "A" 3 6 0 0 7.33333333333333 7 6 1 1 0 0 0 0
"1069" "SP" 9 22 0 0 3.66666666666667 4.66666666666667 7 5 7 0 0 0 0
"1070" "A" 2 10 0 0 4 4.66666666666667 7 5 6 0 0 0 0
"1071" "SP" 2 7 0 0 7 8 5 3 1 0 NA NA NA
"1072" "A" 7 18 1 0 5 4 7 3 NA 0 0 0 0
"1073" NA 10 12 0 0 7 6 3 4 2 0 1 0 1
"1074" "A" 4 15 0 0 5 5.33333333333333 5 4 6 0 0 0 0
"1075" NA 5 15 0 1 3.33333333333333 4.66666666666667 8 5 7 0 NA NA NA
"1076" "SV" 8 18 1 0 3.66666666666667 2.33333333333333 5 5 9 0 0 0 0
"1077" "H" 10 12 0 0 4 3.33333333333333 5 5 8 0 0 0 0
"1078" NA 1 8 1 0 6.33333333333333 7.66666666666667 5 2 4 0 0 0 0
"1079" NA 1 12 1 1 5 5 7 4 4 0 NA NA NA
"1080" "A" 2 11 1 0 5.33333333333333 3.33333333333333 5 4 5 0 0 0 0
"1081" "SV" 6 19 0 0 2.33333333333333 4 8 7 8 0 0 0 0
"1082" NA 10 12 0 0 6.33333333333333 6.33333333333333 5 3 3 0 1 0 1
"1083" "KRF" NA 7 1 0 3.66666666666667 5 9 5 5 0 NA NA NA
"1084" "H" 1 16 1 0 6.33333333333333 5.66666666666667 5 2 4 0 0 0 0
"1085" "H" 6 11 0 0 4.33333333333333 4.33333333333333 7 4 6 0 0 0 0
"1086" "A" 5 10 1 0 7 7.33333333333333 1 7 1 0 0 0 0
"1087" "SP" 2 8 1 0 4.33333333333333 5.33333333333333 6 6 5 0 NA NA NA
"1088" NA 1 14 1 1 4.5 5.66666666666667 6 NA 5 0 NA NA NA
"1089" "V" 1 16 0 0 3.66666666666667 5 8 5 6 0 1 0 1
"1090" "A" 7 12 0 0 5.66666666666667 6.66666666666667 3 3 7 0 0 0 0
"1091" NA 4 20 0 1 4.33333333333333 4.33333333333333 5 7 5 0 1 0 1
"1092" NA 1 11 0 0 5.33333333333333 6.33333333333333 7 6 1 0 0 0 0
"1093" "A" 7 20 1 0 3.66666666666667 5.66666666666667 7 5 7 0 0 0 0
"1094" "KRF" 7 13 0 0 5 6 6 3 6 0 0 0 0
"1095" NA 4 13 1 0 6 6.66666666666667 4 5 3 0 0 0 0
"1096" NA NA 9 0 1 1.66666666666667 3.66666666666667 10 5 10 0 NA NA NA
"1097" "H" 9 12 1 0 4.66666666666667 5.66666666666667 5 5 6 0 NA NA NA
"1098" NA 1 16 1 0 5.33333333333333 6.66666666666667 6 5 3 0 NA NA NA
"1099" "FRP" 3 12 0 0 5.66666666666667 7 5 4 4 0 0 0 0
"1100" "A" 7 17 0 0 4.66666666666667 5.66666666666667 5 5 6 0 0 0 0
"1101" NA 1 6 0 1 2.66666666666667 5.66666666666667 10 5 7 0 NA NA NA
"1102" "H" 4 11 0 0 6 7 5 3 4 0 0 0 0
"1103" "KRF" 8 17 1 0 5.33333333333333 4.33333333333333 6 3 5 0 0 0 0
"1104" NA 10 15 0 1 4.33333333333333 4.66666666666667 5 5 7 0 1 0 1
"1105" "A" 5 13 1 0 3.66666666666667 5 7 5 7 0 0 0 0
"1106" "H" 9 14 0 0 5.33333333333333 8 7 1 6 0 0 0 0
"1107" "H" 9 20 0 0 3.66666666666667 6.33333333333333 6 5 8 0 0 1 1
"1108" "H" 2 8 1 0 4.66666666666667 6.66666666666667 8 5 3 0 0 1 1
"1109" "H" 9 16 0 0 5.33333333333333 6.33333333333333 5 4 5 0 NA NA NA
"1110" "A" 9 18 0 0 3.33333333333333 5 6 7 7 0 0 0 0
"1111" NA 10 13 0 0 5 8 5 3 7 0 0 0 0
"1112" "H" 3 14 1 0 4.66666666666667 5 7 4 5 0 0 0 0
"1113" NA 5 16 1 0 2.66666666666667 3 8 8 6 0 0 0 0
"1114" "FRP" 3 14 1 0 5.66666666666667 6 4 5 4 0 0 0 0
"1115" NA 1 14 1 0 4.66666666666667 6.33333333333333 9 3 4 0 NA NA NA
"1116" "KRF" 7 14 0 0 3.66666666666667 6.33333333333333 7 4 8 0 0 0 0
"1117" NA 6 14 1 0 5.66666666666667 6.33333333333333 5 5 3 0 1 0 1
"1118" "FRP" 6 16 0 0 6 7.33333333333333 5 3 4 0 0 0 0
"1119" "A" 2 14 0 0 5.33333333333333 7.33333333333333 5 4 5 0 0 1 1
"1120" "H" 10 19 1 0 5 4.66666666666667 7 2 6 0 0 0 0
"1121" NA 3 12 0 1 5 5.66666666666667 2 7 6 0 0 0 0
"1122" "H" 10 17 0 1 5.66666666666667 9 8 0 5 0 0 0 0
"1123" "A" 6 18 0 0 4.33333333333333 4.66666666666667 5 5 7 0 0 0 0
"1124" NA 10 10 0 0 5.33333333333333 5.66666666666667 5 6 3 0 NA NA NA
"1125" "FRP" 6 11 0 0 5.66666666666667 7.33333333333333 5 1 7 0 0 0 0
"1126" NA 8 14 1 0 6.66666666666667 8.33333333333333 5 3 2 0 1 0 1
"1127" "SP" 9 15 1 0 4.33333333333333 4.66666666666667 7 5 5 0 0 0 0
"1128" NA 5 12 0 1 3.33333333333333 4.33333333333333 5 6 9 0 0 0 0
"1129" NA 1 12 1 0 3.33333333333333 4.66666666666667 8 5 7 0 0 1 1
"1130" "Other" 1 9 1 0 4 5.66666666666667 6 6 6 0 0 0 0
"1131" "H" 5 9 0 0 6.33333333333333 6.66666666666667 5 4 2 0 0 0 0
"1132" "A" 1 12 0 0 2.33333333333333 3 8 7 8 0 NA NA NA
"1133" "FRP" 1 7 0 0 4.33333333333333 7 5 5 7 0 0 0 0
"1134" "A" 5 10 0 0 2.33333333333333 4.33333333333333 8 8 7 0 0 0 0
"1135" NA 5 14 1 1 2.66666666666667 5 9 5 8 0 0 0 0
"1136" NA 9 12 0 0 5 5.66666666666667 5 5 5 0 0 0 0
"1137" "H" 4 12 1 0 6 7 5 2 5 0 0 0 0
"1138" "Other" 2 24 0 0 4.33333333333333 5.33333333333333 5 6 6 0 0 0 0
"1139" "V" 3 15 1 0 4.66666666666667 5 7 4 5 0 0 0 0
"1140" "H" 7 18 1 0 4.33333333333333 4.66666666666667 5 5 7 0 0 0 0
"1141" NA 4 9 0 0 4 5.33333333333333 5 8 5 0 NA NA NA
"1142" NA 9 8 0 0 5 7.33333333333333 6 6 3 0 0 0 0
"1143" "H" 5 17 0 0 3.33333333333333 8 6 5 9 0 0 0 0
"1144" "KRF" 5 16 1 0 5 6.33333333333333 5 5 5 0 0 0 0
"1145" "H" 3 17 1 0 4 5.33333333333333 6 4 8 0 0 0 0
"1146" NA 9 13 0 0 5.66666666666667 7.66666666666667 2 4 7 0 0 1 1
"1147" "H" NA 16 1 0 4 7 NA NA 6 0 0 0 0
"1148" "A" 3 11 1 0 5.33333333333333 4.33333333333333 6 3 5 0 NA NA NA
"1149" "A" 8 10 0 0 3.66666666666667 5.66666666666667 6 6 7 1 1 0 1
"1150" "FRP" 7 13 1 0 4 5 8 4 6 0 0 0 0
"1151" NA 1 8 0 0 3.33333333333333 6 7 8 5 0 0 0 0
"1152" NA 2 18 0 1 3.33333333333333 6.66666666666667 8 5 7 0 0 0 0
"1153" "KRF" 2 7 1 0 5.33333333333333 4.33333333333333 6 2 6 0 0 1 1
"1154" "FRP" 4 11 0 0 4.33333333333333 4.66666666666667 6 5 6 0 NA NA NA
"1155" NA 10 12 1 0 3.66666666666667 6.33333333333333 7 5 7 0 0 0 0
"1156" "A" 5 15 0 0 3.33333333333333 5 7 6 7 0 0 0 0
"1157" "A" 3 11 0 0 2.66666666666667 3.66666666666667 9 7 6 0 0 0 0
"1158" "A" 2 12 1 0 2.66666666666667 3.66666666666667 10 5 7 0 0 1 1
"1159" "SP" 5 18 0 0 2 3.66666666666667 9 7 8 0 0 0 0
"1160" "A" 4 15 0 0 3.66666666666667 3.66666666666667 6 5 8 0 0 1 1
"1161" "A" 7 18 1 1 4.66666666666667 4.5 9 5 2 0 0 0 0
"1162" "SP" 10 23 1 0 3.66666666666667 5 8 6 5 0 0 0 0
"1163" "SP" 2 16 1 0 4.33333333333333 5.66666666666667 6 5 6 0 0 1 1
"1164" "V" 7 14 1 0 3 4.66666666666667 8 5 8 0 0 0 0
"1165" NA 9 16 0 0 5.66666666666667 6.33333333333333 6 4 3 0 0 0 0
"1166" NA 4 25 0 1 4 4 5 7 6 0 0 0 0
"1167" "A" 7 16 0 0 2 4 8 8 8 0 0 0 0
"1168" "H" 8 12 0 0 6.33333333333333 5.66666666666667 6 3 2 0 0 1 1
"1169" "SV" 9 17 0 0 3.66666666666667 4.33333333333333 7 6 6 0 0 1 1
"1170" "SV" 10 19 0 0 4 5.33333333333333 5 6 7 0 0 0 0
"1171" "SV" 6 16 1 1 5 5.33333333333333 5 5 5 0 1 0 1
"1172" "SV" 7 19 0 0 4 2 3 7 8 0 0 0 0
"1173" NA 4 15 1 1 4.66666666666667 2.66666666666667 5 6 5 0 0 0 0
"1174" "V" 1 17 1 0 5 7 5 NA NA 0 1 0 1
"1175" "Other" 1 9 1 1 5 5 NA 5 NA 0 NA NA NA
"1176" "A" 5 12 0 0 4.66666666666667 7.66666666666667 6 5 5 0 0 0 0
"1177" "RODT" 7 18 1 0 5 5 5 5 5 0 0 0 0
"1178" NA 6 17 0 1 3.33333333333333 3.66666666666667 8 7 5 0 0 0 0
"1179" "SV" 7 16 1 0 3.66666666666667 5.66666666666667 6 7 6 0 0 0 0
"1180" "FRP" 5 12 0 0 4.33333333333333 8.66666666666667 6 2 9 0 NA NA NA
"1181" "V" 9 20 0 0 2.66666666666667 5.33333333333333 7 7 8 0 0 0 0
"1182" "SV" 1 16 1 1 3.33333333333333 3 7 6 7 0 0 0 0
"1183" "A" 8 18 1 0 4 4 5 5 8 0 0 0 0
"1184" "H" 8 13 0 0 4 5.33333333333333 7 3 8 0 NA NA NA
"1185" NA NA 12 0 0 5 2.66666666666667 5 5 5 0 NA NA NA
"1186" NA NA 12 1 0 4.66666666666667 6 7 6 3 0 NA NA NA
"1187" NA 2 17 1 1 4.33333333333333 4.33333333333333 5 7 5 0 0 0 0
"1188" NA 1 11 1 0 6.66666666666667 7.33333333333333 5 3 2 0 1 0 1
"1189" "H" 2 13 1 0 5 4 6 5 4 0 0 0 0
"1190" "V" 2 21 0 0 4 4 5 6 7 0 0 0 0
"1191" "A" 9 16 0 0 4 4.66666666666667 6 5 7 0 0 0 0
"1192" "RODT" 3 12 0 0 3.33333333333333 4.66666666666667 8 5 7 0 0 0 0
"1193" NA 6 20 0 0 3.66666666666667 4.33333333333333 6 5 8 0 0 0 0
"1194" "H" 5 13 0 0 6 4.33333333333333 0 5 7 0 0 1 1
"1195" NA 4 17 1 1 3.66666666666667 4.66666666666667 8 5 6 0 0 0 0
"1196" "A" 6 11 1 1 2.5 5 NA 5 10 0 0 0 0
"1197" "KRF" 8 18 1 1 4.33333333333333 5.33333333333333 5 5 7 0 0 0 0
"1198" "H" 7 16 0 0 2.66666666666667 6.66666666666667 8 5 9 0 0 0 0
"1199" "A" 5 19 0 0 2.66666666666667 4 7 7 8 0 0 0 0
"1200" "A" 3 16 0 0 4 5.33333333333333 7 4 7 0 0 0 0
"1201" "H" 8 16 1 0 3.33333333333333 5.33333333333333 7 7 6 0 1 0 1
"1202" "FRP" NA 12 1 0 7 8.66666666666667 5 2 2 0 0 0 0
"1203" "A" 8 17 1 0 3.33333333333333 3.66666666666667 7 5 8 0 0 0 0
"1204" "A" 1 13 0 0 6.66666666666667 3.66666666666667 2 5 3 0 NA NA NA
"1205" NA 3 14 0 0 7.66666666666667 9 3 3 1 0 1 0 1
"1206" "SV" 10 18 1 0 4 4 5 6 7 0 0 0 0
"1207" "H" 5 14 0 0 3.33333333333333 4.33333333333333 8 6 6 0 NA NA NA
"1208" NA 2 11 0 0 3.66666666666667 4.66666666666667 6 6 7 0 0 0 0
"1209" "A" 9 15 1 0 2 4 9 8 7 0 0 0 0
"1210" "H" 9 17 1 0 4.33333333333333 6 7 3 7 0 0 0 0
"1211" "H" 10 17 0 0 2.33333333333333 5.5 8 7 8 0 0 0 0
"1212" "FRP" 2 12 0 0 3.33333333333333 5.5 9 5 6 0 0 1 1
"1213" "A" 4 13 1 0 4.33333333333333 4 5 5 7 0 0 0 0
"1214" "A" 1 8 1 0 4.33333333333333 5 7 5 5 0 0 0 0
"1215" "FRP" 2 15 1 0 4 3.33333333333333 8 5 5 0 0 0 0
"1216" NA 4 13 0 1 5.66666666666667 6 3 5 5 0 0 0 0
"1217" "H" 8 14 0 0 4.33333333333333 5.33333333333333 6 5 6 0 0 0 0
"1218" "A" 8 14 1 0 4.33333333333333 5.66666666666667 5 5 7 0 0 0 0
"1219" NA 7 9 1 0 4.33333333333333 7 5 5 7 0 0 0 0
"1220" "A" 2 7 0 0 10 9.5 NA 0 0 0 0 0 0
"1221" "A" 8 12 0 0 3 4 7 7 7 0 1 0 1
"1222" "A" 2 17 1 0 3.33333333333333 4.66666666666667 5 7 8 0 0 0 0
"1223" "A" 7 18 0 0 4 4 7 5 6 0 0 0 0
"1224" "A" 9 16 1 0 3.33333333333333 3.5 7 5 8 0 0 0 0
"1225" NA 4 10 1 0 6 5 4 4 4 0 NA NA NA
"1226" "SP" 4 2 1 0 4 7 7 6 5 0 0 0 0
"1227" "KRF" 3 13 1 0 4 4.66666666666667 7 5 6 0 0 0 0
"1228" "A" 8 12 0 0 4.33333333333333 6.33333333333333 6 6 5 0 0 0 0
"1229" "A" 2 19 0 0 2.66666666666667 4.33333333333333 7 7 8 0 0 0 0
"1230" "H" 6 12 0 0 5 6 5 5 5 0 0 0 0
"1231" "A" 4 11 1 0 3.33333333333333 4.66666666666667 8 5 7 0 0 0 0
"1232" "SP" 9 19 1 0 5 7 5 5 5 0 0 0 0
"1233" "A" 8 19 1 0 1.33333333333333 5 10 8 8 0 0 0 0
"1234" "H" 3 19 0 0 5 4.66666666666667 9 5 1 0 0 0 0
"1235" NA 8 18 0 0 3 4.66666666666667 8 5 8 0 0 0 0
"1236" "SP" 9 12 1 0 3.33333333333333 5 8 7 5 0 0 0 0
"1237" "MDG" 9 17 0 0 4.33333333333333 5 5 5 7 0 1 0 1
"1238" "A" 1 8 1 0 2.66666666666667 4.33333333333333 8 8 6 0 0 0 0
"1239" "A" 4 8 0 0 4 5.66666666666667 6 4 8 0 0 0 0
"1240" NA NA 10 1 0 5 6.33333333333333 5 5 5 0 0 0 0
"1241" "A" 2 8 1 0 6 8.66666666666667 4 0 8 0 0 0 0
"1242" "FRP" 2 10 1 0 7 7.66666666666667 2 3 4 0 0 0 0
"1243" "A" 5 11 0 0 3 3.33333333333333 7 5 9 0 0 0 0
"1244" "SP" 1 12 1 0 7.66666666666667 7 3 3 1 0 0 0 0
"1245" NA 3 15 1 0 4.66666666666667 6 7 5 4 0 0 0 0
"1246" "KRF" 2 17 1 0 4 2.66666666666667 5 5 8 0 NA NA NA
"1247" "SP" 7 10 0 0 2.66666666666667 4 8 7 7 0 0 0 0
"1248" "FRP" 2 12 0 0 3 5.33333333333333 8 6 7 0 0 0 0
"1249" "A" 7 14 0 0 5 5.33333333333333 5 2 8 0 0 0 0
"1250" "A" 10 10 1 0 2.5 4.33333333333333 8 NA 7 0 0 0 0
"1251" "A" 3 14 0 0 4.33333333333333 4.33333333333333 7 4 6 0 0 0 0
"1252" "KRF" NA 14 0 0 6 6 5 4 3 0 0 1 1
"1253" NA 5 15 0 0 4 6 7 4 7 0 NA NA NA
"1254" "SV" 4 17 1 0 5 4.66666666666667 5 5 5 0 0 0 0
"1255" "Other" 8 12 0 0 4.33333333333333 4.33333333333333 5 5 7 0 0 1 1
"1256" "A" 4 9 1 0 4.33333333333333 4.66666666666667 6 5 6 0 0 0 0
"1257" "A" 10 16 0 0 6 5.33333333333333 5 3 4 0 0 0 0
"1258" "H" 4 12 0 0 4.33333333333333 6.66666666666667 8 3 6 0 0 0 0
"1259" NA 5 13 0 0 4 7.66666666666667 6 7 5 0 0 0 0
"1260" NA 8 15 0 0 3 5 7 7 7 0 0 0 0
"1261" "A" 1 15 0 0 5 1.66666666666667 5 5 5 0 1 0 1
"1262" "A" 4 18 1 0 4.66666666666667 5.66666666666667 6 5 5 0 0 0 0
"1263" "FRP" 4 15 0 0 4.33333333333333 5.66666666666667 7 5 5 0 0 0 0
"1264" NA 9 9 0 0 6.66666666666667 7.66666666666667 6 0 4 0 1 0 1
"1265" "H" 1 13 0 0 5.66666666666667 2 5 4 4 0 NA NA NA
"1266" NA 1 12 0 1 6.33333333333333 6.66666666666667 4 2 5 0 0 0 0
"1267" "A" 7 12 0 0 4.33333333333333 4.66666666666667 5 5 7 1 NA NA NA
"1268" "V" 4 15 1 0 3 3.66666666666667 8 5 8 0 0 0 0
"1269" "FRP" 3 13 0 0 5 7 6 3 6 0 0 0 0
"1270" "A" 8 12 0 0 5 4.66666666666667 5 5 5 0 0 0 0
"1271" "H" 10 12 0 0 5.66666666666667 5 8 5 0 0 0 0 0
"1272" "A" 2 12 1 0 6.66666666666667 3 0 5 5 0 0 0 0
"1273" NA 5 14 1 0 3.66666666666667 4 7 5 7 0 0 0 0
"1274" NA 5 18 0 0 3.66666666666667 6 7 5 7 0 0 1 1
"1275" "V" 2 21 1 0 4 4 5 5 8 0 1 0 1
"1276" "A" 8 12 0 0 3.33333333333333 4.33333333333333 8 6 6 0 0 0 0
"1277" "A" 2 14 1 0 5 4.66666666666667 5 5 5 0 0 0 0
"1278" NA 7 9 0 0 3.66666666666667 5.66666666666667 5 7 7 0 0 0 0
"1279" "RODT" 6 15 1 0 3.33333333333333 2.66666666666667 7 6 7 0 0 0 0
"1280" NA 1 10 0 0 4 5 5 7 6 0 0 0 0
"1281" "A" 4 9 0 0 4.66666666666667 6 6 5 5 0 0 0 0
"1282" "A" 3 13 0 0 3.33333333333333 4.33333333333333 6 7 7 0 0 0 0
"1283" "FRP" 2 11 1 0 6.33333333333333 6.33333333333333 5 4 2 0 1 0 1
"1284" "A" 4 10 0 0 4.33333333333333 5.33333333333333 5 5 7 0 0 0 0
"1285" "FRP" 3 15 1 0 4.66666666666667 7.66666666666667 7 3 6 0 NA NA NA
"1286" "KYST" 1 14 0 1 5 5.33333333333333 5 5 5 0 1 0 1
"1287" NA 5 16 1 1 6 5.5 5 5 2 0 0 0 0
"1288" "A" 5 18 0 0 4.66666666666667 4.66666666666667 5 4 7 0 0 0 0
"1289" "KRF" 3 16 0 0 3 4 8 6 7 0 0 0 0
"1290" "FRP" 2 19 1 0 5.66666666666667 6.66666666666667 4 5 4 0 0 0 0
"1291" "A" 3 13 0 0 6.33333333333333 6.66666666666667 5 2 4 0 0 0 0
"1292" "A" 6 16 1 0 5 4.33333333333333 7 3 5 0 0 0 0
"1293" "V" 5 15 0 0 3 4.33333333333333 7 7 7 0 0 0 0
"1294" NA 2 13 0 0 5.33333333333333 5.66666666666667 7 3 4 0 0 0 0
"1295" "H" 10 17 1 0 5.33333333333333 6 5 4 5 0 0 0 0
"1296" NA NA 10 0 0 3.66666666666667 6.33333333333333 7 6 6 0 NA NA NA
"1297" "SP" 6 12 1 0 4.66666666666667 5.33333333333333 5 4 7 0 0 0 0
"1298" "SP" 5 13 0 0 3.66666666666667 4.33333333333333 6 5 8 0 NA NA NA
"1299" NA 10 14 1 0 4.66666666666667 7.66666666666667 6 4 6 0 0 0 0
"1300" "A" 8 16 1 0 6.33333333333333 6.66666666666667 4 3 4 0 0 0 0
"1301" "A" 4 13 1 0 6 4.66666666666667 4 4 4 0 NA NA NA
"1302" "A" 8 13 1 0 4 5.66666666666667 6 5 7 0 0 0 0
"1303" NA 6 8 0 0 5 6 5 5 5 0 0 0 0
"1304" "V" 2 18 0 0 2.66666666666667 4 8 7 7 0 0 0 0
"1305" "A" 1 13 0 0 6.66666666666667 7 3 4 3 1 1 0 1
"1306" "H" 10 14 0 0 4.66666666666667 6.66666666666667 10 0 6 0 0 0 0
"1307" "H" 3 15 1 0 6 5.33333333333333 5 2 5 0 0 0 0
"1308" "H" 6 12 1 0 4.33333333333333 7 8 3 6 0 0 0 0
"1309" "A" 7 25 0 0 5 5.66666666666667 5 5 5 0 0 0 0
"1310" "SV" 5 11 0 0 5 3.33333333333333 5 5 5 0 NA NA NA
"1311" "SV" 2 18 1 0 0.666666666666666 4 9 10 9 0 0 0 0
"1312" "FRP" NA 11 1 0 4.66666666666667 7 6 4 6 0 0 0 0
"1313" "SP" 10 17 1 NA 5 7.33333333333333 9 2 4 0 0 0 0
"1314" "A" 10 17 0 0 3.33333333333333 4 5 5 10 0 0 0 0
"1315" "SP" 4 8 1 0 7.33333333333333 5.66666666666667 0 0 8 0 0 0 0
"1316" "V" 10 18 1 1 3.66666666666667 2.66666666666667 6 6 7 0 0 0 0
"1317" "A" 6 16 0 0 5 6.33333333333333 5 5 5 0 0 0 0
"1318" NA 3 8 0 0 5 4.66666666666667 4 4 7 0 NA NA NA
"1319" NA NA 12 1 1 NA 6 NA NA NA 0 0 1 1
"1320" "H" NA 8 1 0 6.66666666666667 5 0 5 5 0 0 0 0
"1321" NA 3 11 0 0 4.66666666666667 6 3 5 8 0 0 0 0
"1322" NA 1 16 0 0 4.66666666666667 3.33333333333333 2 5 9 0 NA NA NA
"1323" "H" NA 15 1 1 2.33333333333333 4.66666666666667 8 8 7 0 1 0 1
"1324" NA NA 9 1 0 5 6.66666666666667 7 3 5 0 1 0 1
"1325" "A" 10 25 1 0 3.33333333333333 4.33333333333333 7 7 6 0 0 0 0
"1326" NA 2 12 0 0 2.66666666666667 3.33333333333333 8 5 9 0 0 0 0
"1327" "SV" 5 10 0 0 2.66666666666667 4 8 6 8 0 NA NA NA
"1328" NA 2 10 1 0 6.66666666666667 6.33333333333333 3 4 3 0 0 0 0
"1329" "H" 4 11 0 NA 4.33333333333333 5.33333333333333 6 6 5 0 0 0 0
"1330" "A" 4 11 1 0 5.33333333333333 5.33333333333333 5 3 6 0 0 0 0
"1331" "H" 10 15 0 0 2.66666666666667 4.66666666666667 7 7 8 0 0 0 0
"1332" NA 4 7 0 0 3 8.33333333333333 5 8 8 0 0 0 0
"1333" "H" 1 12 0 0 6.66666666666667 7.66666666666667 5 5 0 1 1 0 1
"1334" "A" 5 11 1 0 6 6 5 4 3 0 0 0 0
"1335" "A" 9 15 1 0 3 5.33333333333333 7 7 7 0 NA NA NA
"1336" "H" 6 18 0 0 2.33333333333333 5 8 7 8 0 1 0 1
"1337" "A" 2 15 1 0 4.33333333333333 5.66666666666667 6 6 5 0 1 0 1
"1338" "H" 2 17 1 0 5.33333333333333 7 7 4 3 0 0 0 0
"1339" NA 8 9 0 0 5.33333333333333 4.33333333333333 5 4 5 0 NA NA NA
"1340" "A" 5 13 1 0 2.33333333333333 3.66666666666667 8 8 7 0 0 0 0
"1341" "FRP" 7 11 0 0 3.66666666666667 5.66666666666667 8 3 8 0 NA NA NA
"1342" NA 6 13 1 0 6.33333333333333 6.66666666666667 4 5 2 0 1 0 1
"1343" NA 2 10 0 1 4.66666666666667 6 5 5 6 0 1 0 1
"1344" NA 3 11 1 0 6.66666666666667 8 4 3 3 0 1 0 1
"1345" "SP" 2 7 1 0 8 7 NA 2 NA 0 0 1 1
"1346" "A" 1 12 0 0 5.66666666666667 6.33333333333333 3 5 5 0 0 0 0
"1347" "SP" 3 7 0 0 4.66666666666667 6.66666666666667 6 5 5 0 0 1 1
"1348" "SP" 6 9 0 0 3.66666666666667 7.33333333333333 8 5 6 0 0 0 0
"1349" "A" 5 12 1 0 3.66666666666667 4.33333333333333 6 6 7 0 0 1 1
"1350" "FRP" 6 10 0 0 9 8.5 1 1 1 0 NA NA NA
"1351" "KRF" 5 18 1 0 4.66666666666667 6 8 4 4 0 0 1 1
"1352" NA 7 10 0 0 6.33333333333333 5 3 6 2 0 NA NA NA
"1353" "H" 7 14 0 1 6.33333333333333 9 8 3 0 0 0 0 0
"1354" "SV" 4 20 0 0 4.33333333333333 4.33333333333333 5 5 7 0 0 0 0
"1355" "A" 5 9 0 0 3.33333333333333 4 8 5 7 0 0 0 0
"1356" "A" 4 15 1 0 4.33333333333333 4.66666666666667 6 6 5 0 0 0 0
"1357" "H" 4 13 1 0 6 5.66666666666667 5 5 2 0 0 0 0
"1358" "A" 8 12 0 0 3.66666666666667 6 7 7 5 0 0 0 0
"1359" "FRP" 8 9 0 1 5.33333333333333 6.66666666666667 4 5 5 0 0 0 0
"1360" "H" 5 11 0 0 6.33333333333333 8 5 3 3 0 NA NA NA
"1361" "A" 3 15 1 0 6.33333333333333 4.66666666666667 7 2 2 0 0 0 0
"1362" "FRP" 4 15 1 0 5 5 5 5 5 0 0 0 0
"1363" NA 2 14 0 1 2 5.66666666666667 8 8 8 0 NA NA NA
"1364" NA 2 17 1 0 4.66666666666667 4 5 5 6 0 0 0 0
"1365" "FRP" 4 15 1 0 5 9 8 NA 2 0 NA NA NA
"1366" "KYST" 1 13 0 0 4.33333333333333 7.33333333333333 6 4 7 0 1 0 1
"1367" NA 1 10 1 0 5 6.66666666666667 8 5 2 0 0 0 0
"1368" "A" 5 15 0 0 3 4.33333333333333 8 6 7 0 0 0 0
"1369" NA 2 9 1 0 4.5 8.66666666666667 7 4 NA 0 0 0 0
"1370" NA 1 13 0 0 5.33333333333333 5.66666666666667 5 5 4 0 0 0 0
"1371" "A" 1 9 1 0 5.33333333333333 6.33333333333333 5 5 4 0 0 0 0
"1372" NA 1 12 0 0 4.33333333333333 5.33333333333333 5 6 6 0 1 0 1
"1373" "A" 4 11 0 0 7.33333333333333 6.66666666666667 3 2 3 0 0 0 0
"1374" NA 4 11 0 0 6.33333333333333 5.66666666666667 2 5 4 0 NA NA NA
"1375" "SP" 5 10 0 0 3.33333333333333 7 7 7 6 0 1 0 1
"1376" "V" 6 14 1 0 3.33333333333333 4.66666666666667 7 7 6 0 0 0 0
"1377" "A" 4 15 1 0 4 4 7 5 6 0 0 1 1
"1378" NA 2 11 0 0 5 8 8 5 2 0 0 0 0
"1379" "A" 7 12 1 0 4.33333333333333 4.66666666666667 6 5 6 0 0 0 0
"1380" "H" 10 12 1 0 6.33333333333333 6.66666666666667 4 5 2 0 1 0 1
"1381" "A" 3 9 1 0 4 5.66666666666667 6 7 5 0 0 0 0
"1382" NA 1 12 1 0 4.66666666666667 5.33333333333333 5 6 5 0 0 1 1
"1383" "V" 1 13 1 0 5.66666666666667 6.33333333333333 5 3 5 0 0 0 0
"1384" "FRP" 3 15 0 0 5.66666666666667 5.66666666666667 5 4 4 0 0 1 1
"1385" "FRP" 2 13 0 0 9 9.66666666666667 3 0 0 0 0 0 0
"1386" NA 1 18 1 1 3.66666666666667 5.66666666666667 7 5 7 0 1 0 1
"1387" "A" 3 12 0 0 2.33333333333333 4.66666666666667 7 7 9 0 0 0 0
"1388" "V" 8 14 1 0 3.33333333333333 5 6 7 7 1 0 0 1
"1389" "FRP" 8 11 0 0 9.33333333333333 9.66666666666667 1 1 0 0 1 0 1
"1390" "H" 9 16 1 0 4.33333333333333 4.66666666666667 6 4 7 0 0 0 0
"1391" NA 10 18 0 1 4.33333333333333 3 2 9 6 0 0 0 0
"1392" "SV" 3 19 0 0 0.666666666666666 2 10 9 9 0 0 0 0
"1393" "SV" 9 13 1 0 4 3.66666666666667 7 5 NA 0 0 0 0
"1394" "H" 4 13 1 0 8.33333333333333 9 2 2 1 0 0 0 0
"1395" "A" 2 10 1 0 4.66666666666667 6.33333333333333 6 7 3 0 0 1 1
"1396" NA 6 19 1 0 5 6 5 NA 5 0 0 0 0
"1397" "A" 4 17 1 0 4.33333333333333 4.66666666666667 6 4 7 0 NA NA NA
"1398" "H" 2 14 0 0 4.33333333333333 4.66666666666667 7 5 5 0 1 0 1
"1399" "SV" 1 13 1 0 3.33333333333333 6 7 4 9 0 NA NA NA
"1400" "A" 5 15 0 0 2.66666666666667 5.33333333333333 7 7 8 0 0 0 0
"1401" NA NA 9 0 0 4.33333333333333 5.66666666666667 5 7 5 0 NA NA NA
"1402" "A" 9 13 1 0 5.33333333333333 5.66666666666667 6 3 5 0 0 0 0
"1403" "FRP" NA 13 1 0 6.66666666666667 7 5 2 3 0 0 0 0
"1404" "A" 1 9 1 0 4.33333333333333 6.33333333333333 5 6 6 0 0 1 1
"1405" NA 6 13 0 1 3.66666666666667 5.33333333333333 5 7 7 0 0 0 0
"1406" NA 8 16 1 0 4.66666666666667 4.33333333333333 5 5 6 0 0 0 0
"1407" NA 4 12 1 0 6 6.33333333333333 5 4 3 0 0 0 0
"1408" "KRF" 4 15 1 0 3.66666666666667 5.66666666666667 8 6 5 0 0 0 0
"1409" "H" 4 8 1 0 4 6.66666666666667 7 6 5 0 0 1 1
"1410" NA 10 12 1 1 3.66666666666667 3.33333333333333 7 4 8 0 NA NA NA
"1411" NA 2 13 1 0 5.66666666666667 7.66666666666667 5 3 5 0 0 0 0
"1412" NA NA 10 0 0 4.33333333333333 3.66666666666667 7 6 4 0 NA NA NA
"1413" "A" 8 16 0 0 3.33333333333333 4.33333333333333 6 6 8 0 0 0 0
"1414" "H" 8 16 0 0 3 4.33333333333333 7 7 7 0 0 0 0
"1415" "SP" 6 9 0 0 3.66666666666667 7.33333333333333 8 5 6 0 0 0 0
"1416" NA 5 9 0 0 4.66666666666667 6.66666666666667 7 5 4 0 1 0 1
"1417" "A" 8 21 1 0 4 6 8 5 5 0 NA NA NA
"1418" "V" 8 8 1 0 5 6.33333333333333 5 5 5 0 0 0 0
"1419" NA NA 13 0 0 6.66666666666667 7.33333333333333 5 3 2 0 1 0 1
"1420" "A" 2 17 1 0 6.33333333333333 7 4 3 4 0 0 0 0
"1421" NA 7 10 0 1 6 8.33333333333333 5 2 5 0 NA NA NA
"1422" "FRP" 3 13 0 0 6 8 5 2 5 0 0 0 0
"1423" "FRP" 4 10 1 0 6.33333333333333 7 5 4 2 0 0 0 0
"1424" NA 1 20 0 1 4.66666666666667 5.33333333333333 5 5 6 1 1 0 1
"1425" "A" 2 15 1 0 5.33333333333333 6 6 3 5 0 0 0 0
"1426" "FRP" 5 12 0 0 7 7.33333333333333 2 2 5 0 1 0 1
"1427" "A" NA 9 0 0 5.5 8 6 NA 3 0 NA NA NA
"1428" NA 8 12 0 0 5.33333333333333 5.66666666666667 5 4 5 0 1 0 1
"1429" "FRP" NA NA 0 0 3.66666666666667 6.33333333333333 8 5 6 0 0 0 0
"1430" NA 9 12 1 0 5 8 5 5 5 0 0 0 0
"1431" "A" 5 11 1 0 3.66666666666667 3.66666666666667 7 5 7 0 0 0 0
"1432" "A" 3 7 1 0 4.66666666666667 5.66666666666667 7 5 4 0 1 0 1
"1433" "H" 10 16 1 0 2.66666666666667 5 7 8 7 0 0 0 0
"1434" NA 3 12 0 0 2.66666666666667 5.33333333333333 7 8 7 0 0 0 0
"1435" "SP" 8 13 0 0 4 5.33333333333333 7 4 7 0 1 0 1
"1436" "H" 8 25 0 0 2.33333333333333 5 9 7 7 0 0 0 0
