"Skepsis" "KultSkepsis" "Prekaritet" "Utdanning" "Inntekt" "SubjektivInntekt" "Innvandrer" "Kvinne" "Alder" "Alder2" "TV" "TVpol"
"1" 3 7.33333333333333 0 9 6 3 0 0 43 1849 7 3
"2" 4.66666666666667 5.33333333333333 0 14 2 1 0 1 46 2116 4 1
"3" 5.33333333333333 8.33333333333333 0 17 2 3 0 1 37 1369 4 1
"4" 5 7 0 13 1 1 0 0 20 400 0 NA
"5" 4 6 0 12 3 3 0 0 74 5476 7 5
"6" 6.33333333333333 3.33333333333333 0 20 8 3 1 0 39 1521 1 1
"7" 5.33333333333333 6 0 10 3 3 0 1 82 6724 5 3
"8" 5.33333333333333 5.33333333333333 NA 9 4 2 1 0 15 225 0 NA
"9" 4.66666666666667 5.33333333333333 0 19 7 2 0 0 42 1764 2 2
"10" 4.66666666666667 5 1 13 1 1 1 1 26 676 5 3
"11" 7.66666666666667 6.33333333333333 1 8 2 3 0 1 64 4096 6 1
"12" 7.33333333333333 5.33333333333333 0 14 7 3 0 1 43 1849 2 2
"13" 5 5.66666666666667 1 8 9 3 0 1 87 7569 6 6
"14" 3.33333333333333 3.66666666666667 1 12 9 3 0 0 59 3481 7 3
"15" 4 4.66666666666667 0 14 6 3 0 1 21 441 2 0
"16" 4 5.33333333333333 1 7 6 1 0 0 62 3844 3 1
"17" 4.66666666666667 5 0 14 4 1 0 1 24 576 5 1
"18" 7.66666666666667 9.33333333333333 0 10 2 2 0 1 52 2704 4 2
"19" 5 5.66666666666667 NA 12 7 3 0 1 63 3969 4 4
"20" 7.66666666666667 4.66666666666667 1 12 2 2 0 0 21 441 1 0
"21" 5.33333333333333 6.33333333333333 0 16 6 2 0 1 36 1296 6 2
"22" 3 5 0 15 5 3 0 0 43 1849 4 3
"23" 6 5 0 12 NA 3 1 1 18 324 2 2
"24" NA 7.66666666666667 0 7 1 2 1 1 85 7225 7 4
"25" 2 4.66666666666667 0 18 3 3 0 0 44 1936 2 1
"26" 7 8 0 12 3 3 0 0 62 3844 7 2
"27" 3.33333333333333 5.66666666666667 1 17 1 0 1 0 54 2916 7 7
"28" 3 3.33333333333333 1 18 6 3 0 0 26 676 2 2
"29" 4 4.66666666666667 NA 17 3 3 0 0 26 676 1 1
"30" 2 3.66666666666667 0 15 3 2 1 0 33 1089 1 1
"31" 3.66666666666667 2.66666666666667 0 23 10 3 1 1 58 3364 0 NA
"32" 5.33333333333333 5.66666666666667 1 13 3 2 1 1 22 484 2 1
"33" 5 7.33333333333333 1 9 3 3 0 1 58 3364 7 3
"34" 5 6.33333333333333 0 9 3 3 0 1 73 5329 7 3
"35" 5 4.66666666666667 0 10 1 2 0 1 58 3364 5 5
"36" 5.66666666666667 8 0 10 5 3 0 0 73 5329 5 3
"37" 5.33333333333333 6 0 18 8 2 1 0 30 900 2 2
"38" 6 5.66666666666667 0 13 2 2 1 0 23 529 2 1
"39" 2.66666666666667 4 0 16 7 3 0 0 56 3136 3 2
"40" 4.66666666666667 4.33333333333333 1 13 3 3 0 1 31 961 2 1
"41" 1.33333333333333 2.66666666666667 1 17 1 2 0 1 25 625 2 1
"42" 3.33333333333333 4.66666666666667 1 13 8 3 0 1 18 324 3 1
"43" 5.66666666666667 7 0 13 6 3 0 0 60 3600 4 1
"44" 4.66666666666667 7.66666666666667 0 17 8 3 0 0 23 529 2 1
"45" 3.66666666666667 3.66666666666667 0 15 6 3 0 0 60 3600 7 5
"46" 2.66666666666667 3.33333333333333 0 17 6 2 0 0 37 1369 3 2
"47" 5.66666666666667 6 1 10 6 2 0 1 19 361 2 0
"48" 5.33333333333333 6 1 10 6 2 0 1 20 400 2 1
"49" 6 7.66666666666667 1 16 2 3 0 0 81 6561 2 2
"50" 3.33333333333333 5 0 8 2 3 0 0 74 5476 5 3
"51" 2 3 1 20 10 3 1 0 33 1089 1 1
"52" 5.33333333333333 6.33333333333333 0 13 5 3 0 1 39 1521 6 2
"53" 4 4 0 17 2 2 0 1 62 3844 3 2
"54" 6.66666666666667 6 0 16 7 2 0 1 22 484 4 1
"55" 4.33333333333333 5.33333333333333 1 14 8 3 0 1 54 2916 6 4
"56" 3.33333333333333 5 0 12 1 2 0 1 64 4096 4 3
"57" 4.66666666666667 5.33333333333333 NA 16 1 2 0 0 69 4761 6 6
"58" 3.66666666666667 5 0 13 4 2 0 1 50 2500 6 3
"59" 3 3 0 19 8 2 0 1 45 2025 3 2
"60" 3 4 NA 9 2 2 0 0 38 1444 0 NA
"61" 4.66666666666667 5.66666666666667 0 9 4 3 0 1 70 4900 5 2
"62" 4.66666666666667 5.33333333333333 0 17 9 3 0 0 52 2704 3 2
"63" 2.33333333333333 4.33333333333333 0 12 4 1 0 1 39 1521 3 2
"64" 2.33333333333333 5 0 14 3 2 0 1 69 4761 1 1
"65" 4.66666666666667 5.66666666666667 1 10 NA 3 0 1 15 225 2 1
"66" 7.33333333333333 6.66666666666667 0 12 8 3 0 0 53 2809 5 3
"67" 4.33333333333333 4 0 13 10 3 0 1 47 2209 4 2
"68" 4 3 1 12 6 2 0 0 21 441 0 NA
"69" 2.33333333333333 5.33333333333333 0 13 2 3 0 0 48 2304 4 2
"70" 4 7.66666666666667 0 12 4 3 1 0 40 1600 4 1
"71" 5.33333333333333 3.66666666666667 1 14 1 1 1 1 30 900 7 2
"72" 5 6 1 10 2 2 0 0 27 729 3 2
"73" 6.66666666666667 6.66666666666667 0 12 5 3 0 0 33 1089 4 1
"74" 3 5 NA 11 2 3 0 0 81 6561 3 2
"75" 4.33333333333333 4 0 13 2 2 0 1 55 3025 6 3
"76" 5 5.33333333333333 0 16 7 3 0 1 62 3844 4 3
"77" 7.33333333333333 7.33333333333333 0 12 3 3 0 0 43 1849 1 1
"78" 5.66666666666667 5.33333333333333 0 9 2 2 1 1 68 4624 4 2
"79" 2.66666666666667 3.33333333333333 1 13 2 2 0 1 20 400 7 4
"80" 5.33333333333333 7.33333333333333 0 14 5 2 0 0 41 1681 2 1
"81" 6.33333333333333 6.66666666666667 0 9 3 3 0 1 56 3136 6 2
"82" 3 5.33333333333333 NA 12 3 0 1 1 38 1444 2 2
"83" 3.33333333333333 6 0 19 3 1 1 0 38 1444 3 1
"84" 6.33333333333333 6.33333333333333 1 11 3 3 0 0 85 7225 5 3
"85" 5 5.33333333333333 0 10 4 3 0 1 83 6889 3 2
"86" 3.33333333333333 5 0 14 8 3 0 1 49 2401 4 2
"87" 5.66666666666667 7 0 10 2 2 0 1 38 1444 2 1
"88" 2.66666666666667 4.66666666666667 0 12 4 3 0 1 74 5476 6 2
"89" 6.33333333333333 7.66666666666667 0 15 5 2 0 0 37 1369 2 2
"90" 4.33333333333333 7.66666666666667 0 10 2 2 0 0 67 4489 7 5
"91" 3.66666666666667 4 NA 12 4 3 0 0 17 289 4 1
"92" 3.66666666666667 3.33333333333333 0 15 6 3 1 1 31 961 2 1
"93" 5 5.66666666666667 0 20 9 3 1 0 51 2601 4 2
"94" 2 3.33333333333333 0 15 3 3 0 1 50 2500 4 2
"95" 2 3.33333333333333 0 18 6 3 0 0 58 3364 5 3
"96" 2.33333333333333 4 1 13 NA NA 1 1 20 400 4 1
"97" 5 5.33333333333333 0 10 4 3 0 1 64 4096 6 3
"98" 5.33333333333333 4.33333333333333 0 11 5 3 0 0 17 289 7 1
"99" 2.66666666666667 4.33333333333333 0 18 5 3 0 1 25 625 3 2
"100" 3.33333333333333 4 0 20 9 3 0 1 60 3600 1 1
"101" 3.66666666666667 3.33333333333333 0 16 5 2 0 0 33 1089 2 1
"102" 3.66666666666667 NA NA 20 3 3 0 1 75 5625 6 3
"103" 7 7 0 12 2 2 0 0 71 5041 6 4
"104" 3 4.33333333333333 0 10 3 2 0 1 66 4356 4 2
"105" 4 5 0 14 4 3 0 0 25 625 2 2
"106" 2 3.66666666666667 0 10 NA 3 0 1 18 324 1 0
"107" 4 5 0 13 6 3 0 0 47 2209 3 3
"108" 4 5.66666666666667 1 15 1 2 0 1 74 5476 7 2
"109" 3.66666666666667 5 NA 13 8 3 0 0 55 3025 6 4
"110" 2.66666666666667 4.33333333333333 0 14 4 3 0 0 33 1089 5 2
"111" 4 5 0 15 6 3 0 1 24 576 2 1
"112" 3.33333333333333 5.33333333333333 0 18 3 3 0 1 79 6241 4 4
"113" 2.33333333333333 3 0 12 2 3 1 1 33 1089 5 2
"114" 7 NA NA 12 3 2 0 0 54 2916 3 2
"115" 5.33333333333333 4 0 15 5 3 0 0 42 1764 4 2
"116" 2.66666666666667 3.66666666666667 0 15 3 3 0 1 24 576 1 0
"117" 5 5 0 15 8 3 0 0 65 4225 6 3
"118" 4 5 NA 20 7 3 0 1 50 2500 2 2
"119" 2.66666666666667 NA 0 0 1 1 1 0 77 5929 7 4
"120" 6 5.33333333333333 NA 7 1 2 0 1 91 8281 7 7
"121" 2.33333333333333 4.66666666666667 1 10 3 3 1 0 21 441 2 2
"122" 6 5.66666666666667 0 18 6 3 0 1 47 2209 4 2
"123" 3.33333333333333 5 NA 14 5 3 1 0 66 4356 5 4
"124" 1 1.66666666666667 0 17 2 2 0 1 33 1089 0 NA
"125" 3 4.66666666666667 0 13 10 2 0 0 46 2116 7 7
"126" 6 5 0 13 4 2 1 1 58 3364 4 1
"127" NA NA NA 9 NA 3 0 0 15 225 2 1
"128" 2.66666666666667 5 0 16 10 3 0 0 51 2601 4 3
"129" 4.33333333333333 4.33333333333333 0 15 3 3 0 1 67 4489 3 2
"130" 4 2.33333333333333 NA 13 6 2 0 0 46 2116 2 1
"131" 3 6 NA 12 4 3 1 0 25 625 2 0
"132" 2.66666666666667 4.33333333333333 0 16 8 1 1 0 37 1369 6 2
"133" 1 3.66666666666667 0 13 3 2 1 1 42 1764 2 2
"134" 6 6 0 11 9 3 0 1 17 289 4 3
"135" 2.66666666666667 NA NA 10 NA 3 0 0 16 256 4 0
"136" 5.66666666666667 6.66666666666667 0 18 1 2 0 1 25 625 3 1
"137" 2.33333333333333 4.33333333333333 0 18 7 3 0 0 39 1521 3 2
"138" 2.33333333333333 5 0 15 2 3 0 0 43 1849 3 2
"139" 7.33333333333333 7.33333333333333 0 19 2 2 0 1 59 3481 6 5
"140" 6 6 0 18 9 3 0 1 49 2401 4 2
"141" 4.33333333333333 5 0 10 1 2 0 1 86 7396 4 2
"142" 3 4.66666666666667 0 13 1 2 0 1 22 484 3 0
"143" 4.66666666666667 5 0 11 5 3 0 0 64 4096 2 2
"144" 2.33333333333333 3.66666666666667 0 14 4 3 0 1 30 900 3 2
"145" 6.66666666666667 8.33333333333333 NA 13 8 3 0 0 20 400 4 4
"146" 4.66666666666667 5.33333333333333 NA 12 4 3 0 1 82 6724 7 4
"147" 2.33333333333333 4.66666666666667 1 12 10 2 1 0 17 289 4 3
"148" 2 4.33333333333333 0 25 6 3 0 1 57 3249 0 NA
"149" 5 4.66666666666667 1 17 9 3 0 1 40 1600 2 1
"150" 5.66666666666667 5.33333333333333 1 17 10 3 0 0 68 4624 4 3
"151" 3.33333333333333 2.66666666666667 0 18 7 2 0 1 48 2304 2 2
"152" 2.66666666666667 4 NA 18 5 3 0 0 75 5625 4 2
"153" 5 5 NA 10 3 3 1 1 15 225 2 0
"154" 6 4 NA 16 7 3 0 0 22 484 2 1
"155" 5.66666666666667 7.33333333333333 0 12 8 2 1 1 42 1764 2 1
"156" 4.66666666666667 5 0 18 5 2 0 1 30 900 4 2
"157" 3.33333333333333 4.33333333333333 0 16 10 3 0 1 37 1369 6 2
"158" 6.33333333333333 6.66666666666667 0 12 5 0 0 1 50 2500 3 2
"159" 4 4.33333333333333 0 17 8 2 0 0 34 1156 3 2
"160" 4.33333333333333 4.33333333333333 0 17 8 3 0 0 44 1936 3 2
"161" 3 4.33333333333333 0 19 10 3 0 1 46 2116 2 2
"162" 0.666666666666666 3.33333333333333 NA 17 5 2 0 1 48 2304 1 1
"163" 4 6.33333333333333 1 10 2 3 0 1 87 7569 6 3
"164" 4.66666666666667 3.66666666666667 0 22 6 3 0 1 53 2809 2 1
"165" 3.66666666666667 3 0 16 8 3 0 1 43 1849 1 1
"166" 4.66666666666667 4.33333333333333 0 16 7 3 0 0 33 1089 3 2
"167" NA 4 1 13 4 2 0 0 58 3364 5 1
"168" 4.66666666666667 7.33333333333333 1 14 1 2 1 0 23 529 4 1
"169" 4.33333333333333 5.66666666666667 0 17 8 3 1 0 66 4356 3 2
"170" 2.33333333333333 3 0 17 9 3 0 0 65 4225 3 2
"171" 4.66666666666667 6.66666666666667 0 16 6 2 0 0 51 2601 1 1
"172" 3.33333333333333 3.66666666666667 NA 24 9 2 0 1 51 2601 2 2
"173" 2 3 0 21 8 2 0 0 60 3600 4 2
"174" 2.33333333333333 4.66666666666667 0 19 7 3 0 1 66 4356 1 1
"175" 6 5.33333333333333 0 13 9 3 0 1 19 361 5 2
"176" 3 4.33333333333333 NA 18 9 3 0 1 57 3249 4 2
"177" 3 4.33333333333333 0 18 9 3 0 0 58 3364 4 2
"178" 2 4 0 17 5 2 0 0 68 4624 3 2
"179" 4 3.33333333333333 1 19 9 3 1 1 28 784 3 1
"180" 2.66666666666667 4.66666666666667 1 17 10 3 0 0 67 4489 2 2
"181" 5.66666666666667 5.33333333333333 0 18 9 3 0 0 48 2304 1 1
"182" 6 5.66666666666667 1 10 2 3 0 1 68 4624 7 3
"183" 5.33333333333333 3.66666666666667 1 8 10 3 1 1 15 225 6 3
"184" 6 5.33333333333333 0 10 8 3 0 1 56 3136 3 1
"185" 3.66666666666667 5.66666666666667 NA 17 5 3 0 0 71 5041 4 2
"186" 3 4 0 23 7 3 0 1 42 1764 2 1
"187" NA 5.33333333333333 0 20 3 1 1 0 69 4761 7 4
"188" 4 4.66666666666667 1 18 6 3 0 0 39 1521 4 1
"189" 2.66666666666667 3.33333333333333 0 15 4 3 0 0 63 3969 3 3
"190" 5 3.66666666666667 0 18 4 3 1 1 55 3025 3 3
"191" 2 5.66666666666667 0 11 2 1 1 0 33 1089 0 NA
"192" 3 4.33333333333333 0 13 9 3 0 0 32 1024 5 3
"193" 3.33333333333333 4.33333333333333 0 24 9 3 0 1 42 1764 2 2
"194" 2.33333333333333 3.66666666666667 NA 13 9 3 0 0 49 2401 4 1
"195" 4.66666666666667 6.66666666666667 0 15 5 3 1 0 53 2809 3 1
"196" 8 8.66666666666667 0 17 4 2 0 1 86 7396 3 2
"197" 4.33333333333333 4.66666666666667 0 15 7 2 0 1 35 1225 4 1
"198" NA NA 1 12 NA 3 1 0 24 576 5 1
"199" 4 5 1 10 3 3 0 0 16 256 2 1
"200" 1.33333333333333 3 0 19 6 3 0 1 50 2500 2 2
"201" 3.33333333333333 2.66666666666667 0 16 7 3 0 1 54 2916 3 3
"202" 3.33333333333333 4.66666666666667 NA 17 8 3 0 1 60 3600 3 2
"203" 2.33333333333333 3.66666666666667 NA 14 3 2 0 0 23 529 2 2
"204" NA 8 1 13 3 2 0 1 22 484 2 1
"205" 4 5 0 10 4 3 0 0 71 5041 4 3
"206" 3.33333333333333 5.33333333333333 0 11 2 0 0 0 39 1521 2 1
"207" 2.33333333333333 2 0 16 10 3 0 0 63 3969 3 3
"208" NA 5.66666666666667 0 19 6 3 0 0 38 1444 4 1
"209" 3 5.33333333333333 0 16 3 3 0 1 48 2304 2 1
"210" 6.66666666666667 7.33333333333333 0 12 6 3 0 0 55 3025 3 2
"211" 6 6.33333333333333 0 14 7 3 0 0 65 4225 7 3
"212" 5 4.33333333333333 0 11 8 3 0 1 55 3025 2 1
"213" 6.33333333333333 5.33333333333333 0 11 1 3 0 1 80 6400 4 1
"214" 3.66666666666667 5.66666666666667 1 8 3 2 1 1 29 841 7 1
"215" 3 4.66666666666667 0 18 8 3 0 1 66 4356 2 1
"216" 6.66666666666667 6 0 13 9 3 0 0 54 2916 2 2
"217" 5.33333333333333 4.33333333333333 0 11 7 3 0 1 66 4356 5 2
"218" 7.33333333333333 6 1 12 7 2 0 0 20 400 6 0
"219" 4.33333333333333 5 0 10 NA 3 0 1 61 3721 4 3
"220" 4 4.66666666666667 0 11 6 3 0 0 57 3249 4 2
"221" 4 5 0 9 4 3 0 0 74 5476 7 4
"222" 7 4.66666666666667 0 17 8 3 0 0 32 1024 5 2
"223" 4.33333333333333 8.33333333333333 0 16 5 2 1 1 34 1156 1 1
"224" 9.33333333333333 8 0 12 1 1 0 0 26 676 1 0
"225" 6 6 1 10 1 3 0 0 76 5776 6 4
"226" 1.66666666666667 2 0 14 3 3 0 1 73 5329 0 NA
"227" 6.33333333333333 5.66666666666667 0 16 5 3 1 0 44 1936 2 0
"228" 3.33333333333333 4 1 13 4 2 1 0 20 400 7 1
"229" 2.33333333333333 5 0 15 10 2 0 1 42 1764 2 0
"230" 5 3.66666666666667 0 18 3 3 0 1 38 1444 3 2
"231" 3.66666666666667 4.66666666666667 0 17 10 3 0 1 37 1369 3 2
"232" 4.66666666666667 NA 0 15 2 2 0 1 38 1444 3 1
"233" 4 6 0 12 8 3 0 0 46 2116 6 2
"234" 3.33333333333333 NA 0 13 3 3 1 0 47 2209 1 1
"235" 7 6 0 9 NA 3 1 0 35 1225 2 0
"236" 3.66666666666667 4.66666666666667 0 19 8 3 0 0 49 2401 1 1
"237" 3.66666666666667 5.33333333333333 NA 13 NA 3 0 0 37 1369 3 1
"238" 6.66666666666667 9.33333333333333 1 15 NA 3 0 0 23 529 4 0
"239" 5.33333333333333 5.66666666666667 1 13 3 2 0 0 32 1024 3 2
"240" 4.33333333333333 6 0 14 5 3 0 1 36 1296 1 1
"241" 8.33333333333333 7.66666666666667 0 11 4 3 0 0 40 1600 5 3
"242" 5 5.66666666666667 0 7 3 3 0 0 76 5776 6 4
"243" 5.66666666666667 6 0 11 NA 1 0 1 71 5041 7 4
"244" 5 6.33333333333333 NA 14 2 1 1 0 31 961 6 1
"245" 5.66666666666667 7 NA 11 6 3 0 1 17 289 4 0
"246" 4.33333333333333 3.33333333333333 0 20 8 3 1 1 31 961 2 2
"247" 4.33333333333333 4.33333333333333 0 13 4 3 1 0 33 1089 4 2
"248" 3 2.66666666666667 0 15 5 2 0 0 37 1369 3 2
"249" 6.33333333333333 9 1 10 NA 2 0 0 22 484 2 0
"250" 7.66666666666667 7 1 15 5 2 0 0 39 1521 2 2
"251" 4 2.33333333333333 1 18 6 2 1 0 49 2401 4 2
"252" 5.33333333333333 7.33333333333333 0 11 5 2 1 1 57 3249 4 2
"253" 4.33333333333333 4.66666666666667 0 14 NA 3 0 1 21 441 3 2
"254" 4.33333333333333 6.33333333333333 0 12 3 3 1 0 33 1089 5 4
"255" 5 4.33333333333333 0 10 6 3 0 0 44 1936 4 2
"256" 5 6.33333333333333 1 12 6 3 0 0 18 324 3 2
"257" 5 6 0 10 3 3 0 0 75 5625 6 3
"258" 8.33333333333333 7 0 7 2 0 1 0 34 1156 2 0
"259" 0.333333333333334 1.66666666666667 0 22 5 2 1 1 57 3249 5 2
"260" 3.66666666666667 3.66666666666667 1 10 2 3 0 1 52 2704 5 1
"261" 8 6 0 13 4 2 0 0 25 625 2 1
"262" 5.33333333333333 6.33333333333333 0 12 5 3 0 0 62 3844 4 2
"263" 3.33333333333333 6 0 15 7 3 0 0 37 1369 5 2
"264" 6 7.33333333333333 0 11 9 3 0 1 51 2601 4 2
"265" 6 6.33333333333333 1 16 5 3 0 1 77 5929 5 4
"266" 6 6.33333333333333 0 16 4 1 0 0 59 3481 6 4
"267" 4.33333333333333 5.66666666666667 0 9 3 3 0 1 70 4900 3 2
"268" 3.33333333333333 6 NA 14 5 3 1 0 32 1024 2 1
"269" 2.33333333333333 3.33333333333333 0 18 7 3 0 0 58 3364 2 2
"270" 3 4 0 13 7 3 1 1 39 1521 3 1
"271" 4 6 0 18 2 2 0 1 50 2500 3 1
"272" 5 5.66666666666667 1 13 NA 3 1 0 19 361 1 1
"273" 5.66666666666667 5.33333333333333 0 12 5 3 0 1 18 324 2 1
"274" 4.66666666666667 4.33333333333333 0 12 4 3 0 0 71 5041 6 5
"275" 1.33333333333333 1.66666666666667 1 15 8 2 0 1 39 1521 7 0
"276" 4 4.33333333333333 0 17 6 3 1 1 34 1156 2 1
"277" 4 5.66666666666667 0 19 7 2 0 0 43 1849 2 2
"278" 5 5 0 11 2 1 0 0 17 289 6 0
"279" 3.66666666666667 4.33333333333333 0 10 4 3 0 0 69 4761 2 2
"280" 3.66666666666667 4 0 13 10 3 0 0 65 4225 6 5
"281" 5.33333333333333 6.33333333333333 0 11 2 2 0 0 23 529 3 1
"282" 5.33333333333333 6.66666666666667 NA 16 1 3 0 0 24 576 1 1
"283" 4 3.33333333333333 1 22 10 3 0 0 34 1156 5 2
"284" 4.33333333333333 7.33333333333333 0 13 1 3 1 1 22 484 7 1
"285" 1.33333333333333 1.66666666666667 0 17 1 0 1 1 29 841 2 2
"286" 3.33333333333333 3.33333333333333 0 15 5 2 0 1 60 3600 4 0
"287" 2.33333333333333 4.33333333333333 0 8 3 1 1 0 60 3600 7 5
"288" 3 5 0 21 10 3 1 1 41 1681 1 1
"289" 2 5.33333333333333 0 14 3 2 1 0 28 784 5 1
"290" 5 6.33333333333333 0 11 3 3 0 0 32 1024 7 2
"291" 5 5.66666666666667 0 18 10 3 0 1 28 784 3 0
"292" 3.66666666666667 7.33333333333333 NA 13 8 3 0 0 46 2116 1 1
"293" 4.33333333333333 5.33333333333333 0 15 9 3 1 0 48 2304 3 3
"294" 4 4.33333333333333 1 18 10 3 0 1 34 1156 2 2
"295" 1.33333333333333 3.66666666666667 NA 17 8 3 0 0 58 3364 2 2
"296" 5 4.33333333333333 0 19 2 1 0 1 66 4356 4 3
"297" 2.66666666666667 3 0 20 5 3 0 1 69 4761 4 4
"298" 5 4.33333333333333 0 14 4 2 0 1 20 400 1 1
"299" 1 3.66666666666667 NA 22 9 3 0 0 43 1849 5 2
"300" 3.66666666666667 4 NA 14 NA 3 0 1 81 6561 5 2
"301" 7 6.33333333333333 0 14 9 3 1 1 35 1225 5 2
"302" 6.33333333333333 4.33333333333333 1 16 4 3 1 1 72 5184 4 4
"303" 2 2 1 20 3 2 1 1 47 2209 4 2
"304" 4.33333333333333 4.33333333333333 0 19 5 3 0 1 39 1521 7 2
"305" 5.33333333333333 5 1 11 8 3 0 0 17 289 1 1
"306" 3.66666666666667 6 0 16 10 3 0 0 56 3136 5 2
"307" 4.33333333333333 6.66666666666667 0 16 8 3 1 0 34 1156 2 2
"308" 6.66666666666667 7.33333333333333 NA 13 5 3 1 0 49 2401 6 3
"309" 3 3.33333333333333 0 20 8 3 0 1 39 1521 2 1
"310" 3.66666666666667 4.66666666666667 0 15 10 3 0 1 63 3969 2 1
"311" 3.66666666666667 4 0 18 8 2 1 1 36 1296 3 2
"312" 6.66666666666667 7.66666666666667 1 7 1 2 1 0 68 4624 7 7
"313" 5 7 0 18 1 1 0 1 25 625 2 1
"314" 3.66666666666667 4.66666666666667 0 21 10 3 1 1 66 4356 3 2
"315" 2.33333333333333 4 0 18 8 3 0 1 29 841 4 2
"316" 3.66666666666667 3.66666666666667 0 15 10 3 0 1 39 1521 3 2
"317" 7 8 1 14 9 3 0 1 26 676 7 1
"318" 6 7 0 17 4 3 0 0 58 3364 2 1
"319" 3 4 0 21 5 3 0 0 37 1369 2 1
"320" 5.66666666666667 6.33333333333333 0 18 4 3 1 0 39 1521 6 2
"321" 5 6.66666666666667 0 16 10 3 0 1 43 1849 3 2
"322" 5 5 0 15 10 3 0 1 53 2809 4 2
"323" 4.33333333333333 6 0 16 5 3 0 1 41 1681 3 2
"324" 2.66666666666667 4.33333333333333 0 18 9 3 0 0 27 729 2 2
"325" 5 6 0 14 5 3 0 0 53 2809 3 1
"326" 3 5 0 15 10 3 0 1 49 2401 3 2
"327" 4.66666666666667 4.66666666666667 0 19 9 3 1 1 39 1521 2 2
"328" 3.33333333333333 3 1 23 4 2 1 0 31 961 1 1
"329" 6 4.66666666666667 0 15 3 3 0 1 26 676 7 2
"330" 4.33333333333333 5.33333333333333 1 21 4 2 0 1 28 784 1 0
"331" 2.33333333333333 4 0 17 9 3 0 0 48 2304 3 1
"332" 3 4 0 17 8 3 0 1 58 3364 3 2
"333" 5.33333333333333 4 0 14 2 1 1 1 25 625 0 NA
"334" 4 4.66666666666667 0 18 2 2 0 1 29 841 2 0
"335" 1.66666666666667 5.33333333333333 0 7 8 3 0 1 88 7744 4 3
"336" NA 5.33333333333333 1 6 2 2 1 1 28 784 4 2
"337" 4.33333333333333 5.33333333333333 0 18 8 3 0 0 37 1369 1 1
"338" 5.33333333333333 NA 0 18 10 3 1 0 40 1600 7 3
"339" 4.66666666666667 5 0 18 3 2 0 0 26 676 7 1
"340" 4.33333333333333 5 NA 16 10 3 0 0 60 3600 7 7
"341" 4.33333333333333 3.66666666666667 0 22 3 1 0 1 47 2209 3 2
"342" 2.66666666666667 4 0 20 7 3 0 0 64 4096 2 2
"343" 1.66666666666667 4 0 13 2 2 0 0 67 4489 7 4
"344" 5 5.66666666666667 0 20 3 1 0 0 27 729 1 1
"345" 3 4 0 19 7 3 0 0 37 1369 3 2
"346" 5 7.66666666666667 NA 11 2 3 0 0 77 5929 7 2
"347" 5 5.33333333333333 0 0 2 2 1 0 67 4489 2 2
"348" 4.33333333333333 6 0 13 2 2 1 0 24 576 4 1
"349" 4.33333333333333 6 0 12 2 2 1 0 34 1156 1 1
"350" 5.66666666666667 4.33333333333333 0 7 4 3 0 0 45 2025 6 4
"351" 2.66666666666667 3 0 17 NA 3 0 1 31 961 2 0
"352" 3.66666666666667 4.33333333333333 0 17 9 2 1 0 34 1156 7 2
"353" 5 4 0 18 2 2 0 1 28 784 4 2
"354" 2.66666666666667 3.33333333333333 0 18 10 3 0 1 33 1089 5 1
"355" 1.66666666666667 6.33333333333333 0 20 6 3 1 1 30 900 2 1
"356" 6.66666666666667 3.33333333333333 0 19 7 2 1 0 24 576 2 1
"357" 1.33333333333333 4.33333333333333 0 18 10 3 0 0 35 1225 3 1
"358" 4.66666666666667 5 0 17 6 3 0 1 32 1024 2 1
"359" 3.66666666666667 5.33333333333333 1 18 2 3 0 0 42 1764 6 2
"360" 3.66666666666667 3.66666666666667 0 19 7 3 0 0 45 2025 4 1
"361" 3.66666666666667 4.66666666666667 0 15 7 2 0 0 31 961 3 1
"362" 3.33333333333333 4.66666666666667 0 18 5 2 0 1 30 900 0 NA
"363" 1.33333333333333 4.66666666666667 0 20 10 3 1 0 43 1849 7 7
"364" 6.33333333333333 6.33333333333333 0 15 6 3 0 1 67 4489 3 2
"365" 1 1.66666666666667 0 20 7 3 0 0 49 2401 1 1
"366" 4.33333333333333 6 0 17 6 3 0 0 31 961 4 2
"367" 3.33333333333333 3 0 19 10 3 0 1 46 2116 2 1
"368" 4.66666666666667 6 1 10 10 3 0 0 16 256 4 1
"369" 6 6 1 13 4 2 0 1 19 361 1 1
"370" 5.33333333333333 5 NA 17 8 3 0 0 35 1225 1 1
"371" 4.33333333333333 4.33333333333333 0 18 10 2 0 1 41 1681 2 2
"372" 4.66666666666667 4.33333333333333 0 17 7 3 0 1 26 676 2 2
"373" 3.33333333333333 5.66666666666667 0 15 7 2 1 0 41 1681 2 2
"374" 3.66666666666667 5.66666666666667 1 15 5 2 1 1 27 729 6 0
"375" 3 5.66666666666667 0 16 NA 3 1 0 33 1089 2 0
"376" 4.33333333333333 5.33333333333333 0 15 5 3 0 0 41 1681 5 1
"377" 5.66666666666667 7.33333333333333 0 10 3 0 1 1 32 1024 5 0
"378" 2.66666666666667 3.33333333333333 0 9 3 3 1 1 28 784 3 1
"379" 5.66666666666667 7 0 17 5 3 0 0 37 1369 4 2
"380" 3.66666666666667 5 0 3 6 3 0 0 26 676 5 1
"381" 2.66666666666667 3.66666666666667 0 15 6 3 1 1 30 900 5 2
"382" 3.33333333333333 3.33333333333333 0 19 10 2 0 1 53 2809 2 2
"383" 5.33333333333333 5.66666666666667 0 14 2 2 1 1 20 400 2 1
"384" 4 4 0 16 8 3 0 1 58 3364 5 2
"385" 1.33333333333333 3.33333333333333 1 11 1 0 1 0 43 1849 6 4
"386" 1.66666666666667 3.66666666666667 0 15 9 2 1 0 51 2601 2 2
"387" 4.66666666666667 5.33333333333333 0 14 10 3 1 1 33 1089 5 2
"388" 6.33333333333333 7.66666666666667 0 9 2 2 0 1 71 5041 7 6
"389" 6.66666666666667 3.66666666666667 0 12 5 3 0 0 36 1296 2 1
"390" 3.66666666666667 4.66666666666667 0 20 4 2 0 1 41 1681 3 2
"391" 2.66666666666667 4.66666666666667 0 12 6 3 0 1 46 2116 5 3
"392" 5 4.33333333333333 0 21 8 3 0 1 42 1764 1 1
"393" 4.66666666666667 5 0 17 3 3 0 1 70 4900 7 3
"394" 3.33333333333333 3.66666666666667 0 19 8 3 0 0 37 1369 1 0
"395" 5 4.33333333333333 0 13 8 2 0 1 25 625 7 3
"396" 4 4.66666666666667 0 13 10 3 0 0 52 2704 4 2
"397" 4 5 0 17 9 3 0 0 45 2025 1 5
"398" 4 6.33333333333333 0 13 4 2 0 1 33 1089 0 NA
"399" 1 3.66666666666667 0 17 7 3 1 0 44 1936 4 2
"400" 4.33333333333333 5.33333333333333 0 9 3 3 0 0 67 4489 2 1
"401" 4.33333333333333 5.33333333333333 0 18 7 2 1 1 44 1936 7 0
"402" 4 4.33333333333333 0 18 8 3 0 1 71 5041 3 2
"403" 6 7.33333333333333 0 10 7 2 0 1 60 3600 5 2
"404" 4 3.66666666666667 0 17 2 3 0 1 60 3600 3 2
"405" 6 6.33333333333333 0 15 3 2 0 0 28 784 3 1
"406" 6 5.66666666666667 NA 19 8 3 0 0 67 4489 5 4
"407" 0 2 NA 20 2 2 1 0 49 2401 7 7
"408" 2.66666666666667 3.66666666666667 0 17 10 3 0 0 76 5776 5 3
"409" 4.33333333333333 6.33333333333333 0 18 8 3 0 1 66 4356 2 2
"410" 6.33333333333333 5 0 17 10 3 1 0 59 3481 4 2
"411" 5 5.66666666666667 0 14 7 3 0 1 58 3364 3 2
"412" 2.66666666666667 1.66666666666667 1 13 9 3 0 0 22 484 0 NA
"413" 3.66666666666667 6 0 11 2 3 0 1 83 6889 4 3
"414" 3.33333333333333 4.33333333333333 NA 15 1 0 0 0 23 529 5 1
"415" 4.33333333333333 6 0 15 4 3 0 1 27 729 1 1
"416" 5 6.66666666666667 NA 9 9 3 0 1 56 3136 1 1
"417" 3 2.66666666666667 0 19 3 2 0 1 28 784 4 2
"418" 2 4 0 10 3 3 1 0 36 1296 4 2
"419" 4.66666666666667 5.66666666666667 0 10 2 1 1 0 45 2025 2 2
"420" 2.33333333333333 3 0 24 8 3 0 0 36 1296 7 4
"421" 1.66666666666667 3.33333333333333 0 16 8 2 1 0 47 2209 2 1
"422" 5.33333333333333 5.33333333333333 0 12 2 3 0 1 61 3721 3 3
"423" 3 4.33333333333333 0 15 5 3 1 1 67 4489 6 3
"424" 5.33333333333333 6.66666666666667 0 13 10 3 0 0 19 361 6 3
"425" 4.66666666666667 5.66666666666667 NA 10 4 3 0 1 67 4489 7 5
"426" 5 4.33333333333333 0 8 5 3 1 0 65 4225 2 2
"427" 4 NA 1 10 1 1 1 1 39 1521 1 3
"428" 3.33333333333333 7 0 16 9 2 0 1 52 2704 2 1
"429" 4.66666666666667 6.66666666666667 0 13 4 3 0 1 80 6400 5 2
"430" 5.33333333333333 4.33333333333333 0 13 2 2 0 0 53 2809 1 1
"431" 4.33333333333333 6 0 17 4 3 0 1 44 1936 6 4
"432" 5.33333333333333 6 NA 12 2 2 0 0 18 324 1 1
"433" 5.33333333333333 4.66666666666667 0 18 6 3 0 1 61 3721 3 3
"434" 3.33333333333333 5.33333333333333 0 19 5 3 0 1 63 3969 6 4
"435" 4 5.33333333333333 1 13 6 3 0 1 19 361 2 1
"436" 6 5.33333333333333 NA 9 6 3 0 0 70 4900 4 3
"437" 3.33333333333333 3.66666666666667 0 12 6 2 0 0 48 2304 3 2
"438" 5.33333333333333 4.66666666666667 1 10 10 2 0 0 17 289 7 5
"439" 4.33333333333333 4.66666666666667 0 15 5 3 0 0 70 4900 5 2
"440" 4.33333333333333 4.33333333333333 0 15 10 3 0 0 21 441 2 2
"441" 1.66666666666667 2 0 18 10 3 0 0 52 2704 3 2
"442" 2.66666666666667 5.66666666666667 0 12 9 2 0 0 33 1089 3 2
"443" 3 4.66666666666667 0 19 5 3 1 0 44 1936 2 0
"444" 5.66666666666667 5 0 12 1 0 1 1 41 1681 2 2
"445" 3.33333333333333 6.33333333333333 0 12 NA 2 1 1 19 361 3 2
"446" 1.66666666666667 3.33333333333333 0 16 2 2 0 0 22 484 2 0
"447" 4.33333333333333 5 0 14 10 3 0 1 56 3136 2 1
"448" 5.66666666666667 6 0 13 2 2 0 1 22 484 3 1
"449" 2 2.66666666666667 0 11 6 2 0 1 56 3136 4 4
"450" 4.33333333333333 6.33333333333333 0 14 5 3 0 0 55 3025 7 3
"451" 3 5.33333333333333 0 12 2 2 1 1 61 3721 4 2
"452" NA 6.66666666666667 0 8 3 3 0 0 68 4624 7 3
"453" 3.66666666666667 5 0 18 1 3 0 1 46 2116 2 2
"454" 6.66666666666667 7 1 9 NA 3 0 1 19 361 6 2
"455" 5.33333333333333 6 1 12 7 3 0 1 44 1936 3 3
"456" 5 6 0 11 5 3 0 1 52 2704 2 1
"457" 3.66666666666667 5.33333333333333 NA 14 6 2 0 0 54 2916 5 2
"458" 4 3.66666666666667 0 12 5 3 0 0 69 4761 7 5
"459" 2.66666666666667 4.33333333333333 0 14 10 3 0 0 29 841 4 2
"460" 2.66666666666667 4 0 17 5 3 0 0 67 4489 4 3
"461" 3.33333333333333 4.66666666666667 0 12 5 3 1 1 50 2500 7 7
"462" 3.33333333333333 4.33333333333333 NA 9 NA 3 0 1 15 225 3 2
"463" 5.66666666666667 4.66666666666667 0 13 6 2 0 0 41 1681 3 1
"464" 6 6.33333333333333 1 11 6 2 0 1 28 784 5 2
"465" 4.66666666666667 6.66666666666667 0 15 4 3 0 0 37 1369 4 1
"466" 5.33333333333333 5.33333333333333 0 14 4 3 0 1 71 5041 2 2
"467" 4 5 0 12 5 3 0 1 55 3025 7 3
"468" 3.33333333333333 4.66666666666667 NA 18 6 3 0 0 71 5041 3 2
"469" 5 5 0 13 4 2 0 1 41 1681 5 3
"470" 5.66666666666667 3.66666666666667 0 18 10 2 0 1 51 2601 1 1
"471" 3.66666666666667 5.66666666666667 NA 13 2 3 0 0 71 5041 7 4
"472" 5 7.66666666666667 0 13 8 3 0 0 55 3025 2 1
"473" 3 5 NA 19 6 3 1 0 55 3025 1 1
"474" 1.33333333333333 5 0 16 9 3 0 1 23 529 6 2
"475" 0.666666666666666 2.33333333333333 NA 12 5 3 1 0 64 4096 4 4
"476" 7.66666666666667 5.66666666666667 1 15 4 3 0 1 53 2809 2 2
"477" 5.33333333333333 8 NA 15 9 3 0 0 47 2209 2 2
"478" 6 6.33333333333333 0 18 4 3 1 1 43 1849 2 1
"479" 3.33333333333333 4.66666666666667 0 16 9 3 0 0 41 1681 4 2
"480" 5 7.33333333333333 NA 12 6 1 0 0 49 2401 7 7
"481" 4.33333333333333 5.33333333333333 0 13 3 3 0 0 40 1600 6 6
"482" 4.33333333333333 3.66666666666667 0 10 3 3 0 1 58 3364 4 2
"483" 6 6.66666666666667 1 13 1 0 0 1 23 529 4 0
"484" 4.66666666666667 7.33333333333333 1 13 1 1 0 0 22 484 3 0
"485" NA 6.66666666666667 0 7 2 3 0 1 90 8100 5 2
"486" 6.66666666666667 8.33333333333333 0 13 8 3 0 0 35 1225 5 2
"487" 2 5.33333333333333 0 11 8 3 0 0 48 2304 4 3
"488" 3.66666666666667 4.33333333333333 1 11 2 3 0 1 52 2704 7 3
"489" 4.33333333333333 5.66666666666667 0 11 2 3 0 1 68 4624 5 3
"490" 3.33333333333333 5.33333333333333 0 18 4 3 0 1 66 4356 5 2
"491" 5.33333333333333 5.33333333333333 0 13 1 1 0 1 23 529 4 1
"492" 2.33333333333333 5 0 17 4 2 0 0 46 2116 7 3
"493" 4 5 0 14 4 3 0 0 37 1369 4 2
"494" 4.66666666666667 5.66666666666667 0 16 6 2 0 1 40 1600 3 0
"495" 6.66666666666667 8.33333333333333 NA 12 4 3 0 1 17 289 3 1
"496" 2.66666666666667 4 0 15 7 3 0 0 52 2704 4 2
"497" 4.66666666666667 7 0 14 7 3 1 0 47 2209 4 0
"498" 5.33333333333333 4.66666666666667 0 14 5 3 0 0 61 3721 3 2
"499" 4.33333333333333 6.66666666666667 0 11 2 2 0 0 78 6084 1 1
"500" 3.66666666666667 3.66666666666667 0 14 5 2 0 0 62 3844 5 2
"501" 4 4.66666666666667 0 15 4 3 0 1 77 5929 6 2
"502" NA 4.66666666666667 0 17 6 2 0 1 36 1296 2 1
"503" 4.33333333333333 3 0 13 6 3 0 1 72 5184 5 5
"504" 3 4.66666666666667 0 14 2 2 0 1 29 841 6 2
"505" 2.66666666666667 4.33333333333333 0 20 8 2 0 1 56 3136 4 3
"506" 5 4.33333333333333 0 9 2 3 0 1 69 4761 5 3
"507" 3.33333333333333 4.33333333333333 NA 17 3 3 0 0 68 4624 4 3
"508" 6 4 0 17 4 3 0 0 54 2916 3 2
"509" 3.33333333333333 5.66666666666667 NA 10 7 3 0 1 16 256 3 2
"510" 7 4.66666666666667 1 12 2 1 0 1 34 1156 5 1
"511" 4 3.33333333333333 NA 12 5 2 0 0 44 1936 1 1
"512" 5.66666666666667 6 0 14 10 3 0 0 24 576 2 2
"513" 4.66666666666667 5.33333333333333 NA 14 4 3 0 0 56 3136 4 3
"514" 3.33333333333333 7.33333333333333 1 8 2 3 0 0 74 5476 2 2
"515" 4.66666666666667 6 1 16 1 1 0 0 22 484 1 1
"516" 6.66666666666667 NA 0 10 2 3 0 1 64 4096 7 3
"517" 5.66666666666667 6.66666666666667 0 17 5 3 0 1 68 4624 3 2
"518" 8 6.33333333333333 0 14 6 3 0 1 24 576 5 1
"519" 4.33333333333333 5.66666666666667 1 9 1 1 0 1 58 3364 4 2
"520" 5 5.66666666666667 NA 9 NA 3 0 0 15 225 3 0
"521" 5 6 0 9 4 3 0 0 59 3481 4 2
"522" 3 3.66666666666667 1 22 3 3 0 0 65 4225 4 4
"523" 4.33333333333333 4 0 11 2 3 0 0 64 4096 5 1
"524" 4.66666666666667 5 1 9 1 2 1 0 16 256 2 1
"525" 6.33333333333333 4.66666666666667 1 9 8 2 0 0 73 5329 5 3
"526" 5.33333333333333 3.66666666666667 0 19 7 3 0 0 48 2304 2 2
"527" 5.66666666666667 4.66666666666667 0 10 4 3 0 1 15 225 6 1
"528" 4.66666666666667 5.66666666666667 0 13 8 2 0 0 43 1849 4 2
"529" 7.33333333333333 8 NA 9 2 2 0 0 81 6561 4 2
"530" 2.33333333333333 4.33333333333333 0 20 3 2 0 1 40 1600 3 1
"531" 5.66666666666667 8.33333333333333 1 7 1 2 0 0 75 5625 5 3
"532" 5.66666666666667 6.66666666666667 1 13 2 2 0 0 19 361 2 0
"533" 3.66666666666667 4 0 21 5 3 0 1 80 6400 3 3
"534" 4.33333333333333 6.33333333333333 0 13 9 3 0 0 36 1296 2 1
"535" 4 5 1 10 7 3 0 0 16 256 1 1
"536" 4 8.33333333333333 1 9 4 3 0 1 70 4900 7 4
"537" 2.33333333333333 3.66666666666667 0 15 10 2 0 0 47 2209 5 2
"538" 8 6.33333333333333 0 1 3 2 0 1 56 3136 6 2
"539" 1.66666666666667 4 0 13 6 3 0 0 59 3481 3 3
"540" 5.33333333333333 6.66666666666667 0 18 4 3 0 0 71 5041 3 2
"541" 8 8.66666666666667 1 8 2 2 0 1 70 4900 4 3
"542" 4.33333333333333 6.66666666666667 0 11 8 3 0 0 43 1849 5 2
"543" 8.66666666666667 9.33333333333333 NA 12 4 2 0 0 53 2809 2 2
"544" 4 4.33333333333333 0 11 4 3 0 0 47 2209 2 2
"545" 3.66666666666667 4 NA 17 7 3 0 1 56 3136 2 2
"546" 1 5 1 10 6 3 0 0 87 7569 7 5
"547" 7 8.33333333333333 0 14 6 3 0 0 56 3136 4 2
"548" 4.33333333333333 5.66666666666667 0 11 6 3 0 1 69 4761 5 3
"549" 4.66666666666667 5.66666666666667 1 9 6 2 0 0 15 225 3 1
"550" 4 5.33333333333333 0 20 10 3 1 1 34 1156 1 0
"551" 4.33333333333333 6 1 15 1 1 0 1 24 576 6 2
"552" 5.66666666666667 4.66666666666667 0 18 1 3 1 1 69 4761 1 1
"553" 3.33333333333333 5 0 13 4 2 0 1 67 4489 6 4
"554" 6.66666666666667 6.66666666666667 0 11 3 2 0 0 39 1521 4 1
"555" 4.66666666666667 5.33333333333333 0 16 7 3 1 0 46 2116 4 3
"556" 5.33333333333333 5 0 16 3 3 0 1 68 4624 4 3
"557" 3 3.66666666666667 0 8 3 3 0 0 66 4356 6 6
"558" 2.66666666666667 4.33333333333333 0 13 9 2 0 0 47 2209 1 1
"559" 3.66666666666667 4.33333333333333 0 11 8 2 0 1 45 2025 5 1
"560" 4.33333333333333 7 0 15 10 3 0 0 41 1681 3 1
"561" 5.66666666666667 6.33333333333333 0 16 10 3 0 0 22 484 0 NA
"562" NA 4.33333333333333 0 17 6 1 0 1 32 1024 6 1
"563" 6 6.66666666666667 NA 10 3 3 0 1 16 256 4 1
"564" 4.66666666666667 7.66666666666667 0 11 6 3 0 0 67 4489 2 2
"565" 5.33333333333333 6.66666666666667 1 11 5 3 0 1 17 289 2 0
"566" 3 4.66666666666667 0 14 8 3 0 0 19 361 1 1
"567" 3.66666666666667 6.33333333333333 0 30 6 3 1 1 41 1681 4 1
"568" 5.33333333333333 3.66666666666667 0 17 8 3 0 0 50 2500 3 1
"569" 3.33333333333333 4 NA 10 7 3 0 1 73 5329 3 2
"570" 3.33333333333333 5 0 13 9 2 0 0 41 1681 2 2
"571" 3.66666666666667 4.66666666666667 0 18 9 3 0 0 69 4761 2 2
"572" 5.33333333333333 3.66666666666667 0 24 3 3 1 0 65 4225 0 NA
"573" 6.66666666666667 7.66666666666667 0 8 3 3 0 1 66 4356 5 2
"574" 2.33333333333333 6.33333333333333 0 12 3 3 0 0 48 2304 6 6
"575" 4.33333333333333 4.33333333333333 0 15 6 2 0 1 47 2209 5 1
"576" 6 8 0 13 4 2 0 1 35 1225 5 1
"577" 7 8 0 7 6 3 0 0 85 7225 6 2
"578" 3.66666666666667 6.66666666666667 0 13 2 3 1 1 43 1849 4 2
"579" 2.66666666666667 4.33333333333333 NA 9 10 3 0 0 49 2401 2 2
"580" 6.66666666666667 6.66666666666667 0 10 3 3 0 0 78 6084 3 3
"581" NA 8.33333333333333 0 10 1 1 0 1 52 2704 5 2
"582" 3.66666666666667 4.66666666666667 NA 17 8 2 0 0 57 3249 1 1
"583" 3.66666666666667 7.66666666666667 0 14 7 3 0 1 73 5329 2 1
"584" 5 4.66666666666667 0 15 6 3 0 1 41 1681 6 2
"585" 3.33333333333333 5.66666666666667 0 12 4 3 0 1 46 2116 3 2
"586" 4.33333333333333 4 NA 16 7 3 0 0 45 2025 1 1
"587" 6 5.33333333333333 0 13 8 3 0 0 60 3600 4 1
"588" 5.66666666666667 5.33333333333333 0 13 3 3 0 0 22 484 4 2
"589" 6.33333333333333 7.33333333333333 0 10 8 1 0 1 74 5476 6 3
"590" 6.66666666666667 7.33333333333333 0 17 1 1 0 1 24 576 7 1
"591" 5 2.33333333333333 NA 12 1 2 0 1 69 4761 2 2
"592" 9.33333333333333 8.33333333333333 0 15 4 2 1 1 47 2209 2 2
"593" 5 7.33333333333333 0 14 9 2 0 0 41 1681 0 NA
"594" 6 7.33333333333333 0 18 6 2 0 1 59 3481 7 2
"595" 4.66666666666667 6.33333333333333 1 12 3 3 0 1 18 324 4 1
"596" 3.66666666666667 4.66666666666667 0 13 3 2 0 0 72 5184 5 5
"597" 5.33333333333333 5.66666666666667 0 15 4 2 0 1 50 2500 5 4
"598" 2.66666666666667 3 0 12 5 2 0 0 44 1936 2 1
"599" 7 6.33333333333333 0 18 4 2 0 0 44 1936 3 1
"600" 6 9 0 10 3 2 0 0 47 2209 7 2
"601" 7 7.33333333333333 0 13 10 3 0 0 69 4761 7 5
"602" 6 5.33333333333333 0 17 6 2 0 1 40 1600 5 4
"603" 5.66666666666667 5.33333333333333 0 2 6 3 0 0 64 4096 4 2
"604" 7 7.66666666666667 0 13 7 2 0 0 26 676 2 0
"605" 2.33333333333333 3.33333333333333 0 17 4 2 0 0 53 2809 2 2
"606" 3 3.33333333333333 0 17 10 3 0 1 48 2304 3 2
"607" 5.66666666666667 6.33333333333333 0 7 1 3 0 0 59 3481 4 2
"608" 2 4.66666666666667 0 14 10 3 0 0 59 3481 2 2
"609" 4 4.33333333333333 0 16 9 3 0 1 50 2500 2 2
"610" 4.66666666666667 6.66666666666667 0 13 9 3 0 0 60 3600 5 3
"611" 5 2.33333333333333 0 20 10 3 0 1 56 3136 3 2
"612" 5.33333333333333 6 0 12 NA 2 0 1 54 2916 5 2
"613" 6 5.66666666666667 0 10 3 2 1 0 16 256 6 1
"614" 5.33333333333333 5 NA 16 8 2 0 0 34 1156 4 2
"615" 6 8 0 9 1 1 0 1 50 2500 1 1
"616" 4.33333333333333 4.66666666666667 0 12 4 3 0 1 66 4356 7 4
"617" 4.66666666666667 4.66666666666667 1 19 2 2 0 1 53 2809 5 2
"618" 4.66666666666667 6.33333333333333 1 14 2 3 0 1 56 3136 6 2
"619" 5.33333333333333 5.33333333333333 0 4 7 3 0 1 23 529 2 1
"620" 6 6 1 11 9 2 0 0 63 3969 5 2
"621" 3.33333333333333 5.66666666666667 NA 17 4 3 0 1 56 3136 4 2
"622" 4.66666666666667 5.66666666666667 0 16 5 2 0 0 35 1225 3 1
"623" 5.33333333333333 4.66666666666667 0 12 7 3 0 0 38 1444 3 2
"624" 3.33333333333333 4.33333333333333 NA 15 3 2 0 1 42 1764 4 1
"625" 3.66666666666667 3 0 18 8 3 0 0 67 4489 6 4
"626" 2.66666666666667 7 0 22 3 2 0 1 50 2500 2 2
"627" 5.33333333333333 6 0 8 6 3 0 0 67 4489 5 2
"628" 4.33333333333333 3.66666666666667 0 18 10 3 0 1 42 1764 3 1
"629" 6 4 0 13 NA 3 0 1 19 361 5 1
"630" 3.33333333333333 5 NA 15 1 3 1 0 45 2025 7 4
"631" 3.66666666666667 4 0 17 9 2 0 1 64 4096 3 3
"632" 4 3.66666666666667 NA 12 NA 3 0 0 47 2209 6 4
"633" 4.66666666666667 6.66666666666667 NA 10 2 2 0 0 16 256 1 0
"634" 5.33333333333333 6.33333333333333 0 10 5 3 0 0 68 4624 5 3
"635" 2.33333333333333 2 NA 12 NA 2 0 0 46 2116 3 3
"636" 4.66666666666667 7 0 14 6 3 0 0 21 441 2 1
"637" 5.33333333333333 6 0 16 5 3 0 0 68 4624 3 3
"638" 6.66666666666667 4.66666666666667 1 13 1 0 0 0 32 1024 7 1
"639" 3.66666666666667 5.66666666666667 0 17 5 2 0 1 38 1444 0 NA
"640" 5 4.66666666666667 0 11 10 3 0 1 16 256 5 2
"641" 3.33333333333333 7 0 14 6 3 0 0 52 2704 3 1
"642" 4.33333333333333 7.66666666666667 1 20 6 3 0 0 31 961 0 NA
"643" 3.66666666666667 2.33333333333333 0 12 10 3 0 0 18 324 2 0
"644" 3 3.66666666666667 1 13 3 3 0 0 71 5041 7 7
"645" 4.33333333333333 6 NA 13 5 3 0 0 21 441 2 1
"646" 5.33333333333333 7.66666666666667 1 14 5 2 0 1 26 676 5 1
"647" 5 5.66666666666667 0 11 8 3 0 1 60 3600 3 2
"648" 5.33333333333333 6.66666666666667 NA 9 NA 3 1 0 16 256 2 0
"649" NA 6 NA 9 NA 2 0 1 15 225 0 NA
"650" 4.33333333333333 NA 0 17 8 2 0 1 64 4096 4 4
"651" 6 8 NA 12 2 3 0 0 75 5625 2 2
"652" 5.33333333333333 6.66666666666667 NA 11 4 3 0 1 17 289 4 0
"653" 6 6.33333333333333 0 15 7 3 0 0 62 3844 4 2
"654" 8.33333333333333 7.66666666666667 1 13 NA NA 0 0 19 361 6 0
"655" 6.66666666666667 7.33333333333333 NA 3 7 2 0 0 60 3600 6 2
"656" 3 5.66666666666667 0 10 2 3 0 1 68 4624 5 2
"657" 3.66666666666667 5.66666666666667 0 13 9 3 0 1 62 3844 2 2
"658" 5 5 0 17 10 3 0 1 39 1521 2 2
"659" 3 3.33333333333333 0 13 7 3 0 0 57 3249 0 NA
"660" 7 8 1 13 5 3 0 0 18 324 7 2
"661" 4.33333333333333 4.66666666666667 0 16 10 2 0 1 52 2704 3 1
"662" 6.33333333333333 5 0 13 1 2 0 1 20 400 5 4
"663" 9.33333333333333 9.33333333333333 0 15 8 1 0 0 44 1936 4 1
"664" 3 3.66666666666667 0 16 6 3 0 1 71 5041 4 3
"665" 8.66666666666667 9.66666666666667 1 11 1 1 0 1 23 529 0 NA
"666" 1.66666666666667 2 0 13 1 0 0 1 47 2209 6 1
"667" 2.33333333333333 3.66666666666667 0 18 10 3 0 0 49 2401 3 1
"668" 4.66666666666667 2.66666666666667 0 15 7 3 0 0 72 5184 1 2
"669" 2 2.33333333333333 1 16 4 3 0 1 53 2809 1 1
"670" 3 4.33333333333333 0 17 6 3 0 0 39 1521 1 0
"671" 5.33333333333333 7.33333333333333 1 19 7 3 0 0 71 5041 3 2
"672" 4.33333333333333 5.66666666666667 0 12 10 3 0 1 62 3844 3 1
"673" 4.33333333333333 4.66666666666667 0 17 1 3 0 0 24 576 6 1
"674" 4 4.33333333333333 0 11 7 3 0 1 60 3600 2 2
"675" 3.66666666666667 3 1 15 1 3 0 0 21 441 0 NA
"676" 3 3.66666666666667 0 16 NA 3 0 1 48 2304 4 1
"677" 2.66666666666667 4 0 9 10 3 0 0 56 3136 2 2
"678" 3.66666666666667 4.66666666666667 0 5 10 3 0 1 42 1764 5 1
"679" 5.33333333333333 5 1 12 10 3 0 0 44 1936 1 1
"680" 5.66666666666667 4.33333333333333 1 16 6 2 0 0 24 576 0 NA
"681" 4.33333333333333 5 0 17 10 3 1 0 43 1849 0 NA
"682" 6 7.33333333333333 0 18 9 3 0 1 44 1936 2 1
"683" 3.33333333333333 2.66666666666667 0 16 8 3 0 0 58 3364 3 2
"684" 1.66666666666667 3.33333333333333 0 18 4 3 0 1 49 2401 2 2
"685" 4.33333333333333 4.66666666666667 0 17 7 2 1 1 36 1296 0 NA
"686" 5.33333333333333 5 0 18 1 2 0 1 67 4489 6 4
"687" 7 8.66666666666667 0 11 3 3 0 0 72 5184 6 2
"688" 7.33333333333333 8.33333333333333 0 17 7 3 0 1 28 784 5 0
"689" 6.33333333333333 6.33333333333333 NA 11 7 3 0 0 17 289 7 1
"690" 3.33333333333333 5 1 20 10 3 0 1 34 1156 4 1
"691" 5 5.66666666666667 1 13 NA 3 0 1 19 361 7 2
"692" 2 3.33333333333333 0 14 5 3 1 0 40 1600 2 2
"693" 2 3 1 18 2 2 0 1 27 729 3 2
"694" 1.66666666666667 3.66666666666667 0 16 4 3 0 1 41 1681 2 1
"695" 4.66666666666667 7.33333333333333 0 14 8 3 1 1 21 441 4 1
"696" 6.33333333333333 6.66666666666667 0 13 5 3 0 1 37 1369 5 2
"697" 5.66666666666667 6.33333333333333 0 12 6 3 0 1 58 3364 5 3
"698" 5 4.66666666666667 NA 14 4 3 0 0 69 4761 3 3
"699" 4.66666666666667 5.33333333333333 0 10 1 3 0 1 78 6084 4 4
"700" 4 5.66666666666667 0 12 6 3 0 1 63 3969 4 2
"701" 4 5 0 19 8 3 0 1 43 1849 2 1
"702" 7.66666666666667 6.66666666666667 0 17 10 3 0 0 38 1444 3 3
"703" 2 2.33333333333333 0 22 10 2 0 0 44 1936 4 3
"704" 4.66666666666667 6.66666666666667 NA 16 4 2 0 1 53 2809 2 2
"705" 6.33333333333333 4.66666666666667 0 14 6 3 1 0 57 3249 5 1
"706" 5 7 0 15 1 2 0 1 21 441 3 1
"707" NA NA 0 23 2 2 1 1 52 2704 4 1
"708" 6.33333333333333 9.66666666666667 0 14 NA 3 0 0 29 841 6 3
"709" 5 5.33333333333333 0 12 4 3 0 1 71 5041 2 2
"710" 5 5 0 17 5 2 0 1 28 784 4 2
"711" 2.66666666666667 4.66666666666667 0 20 4 2 0 1 50 2500 1 1
"712" 3.66666666666667 3.33333333333333 0 14 9 3 0 0 43 1849 1 1
"713" NA NA 0 16 8 3 0 0 37 1369 3 2
"714" 3 3.66666666666667 0 18 6 3 0 0 63 3969 4 3
"715" 5.66666666666667 5.33333333333333 0 16 7 3 0 0 55 3025 1 1
"716" 4 5.33333333333333 0 14 8 3 1 0 49 2401 3 2
"717" 5.66666666666667 4.66666666666667 0 16 6 3 0 1 71 5041 5 3
"718" 8 7 0 17 9 3 0 1 43 1849 1 1
"719" 5.66666666666667 6 1 17 4 3 0 0 23 529 3 0
"720" 3.33333333333333 7 NA 16 4 3 0 0 54 2916 1 1
"721" 3.33333333333333 5.66666666666667 0 17 10 3 0 0 42 1764 2 1
"722" 6.66666666666667 6.33333333333333 1 7 4 2 1 0 55 3025 6 2
"723" 4.66666666666667 5 0 11 2 3 0 1 69 4761 7 4
"724" 5.33333333333333 6.66666666666667 NA 8 3 2 0 0 74 5476 4 2
"725" 4.33333333333333 4.66666666666667 0 11 2 3 0 0 22 484 0 NA
"726" 3.33333333333333 5 1 11 8 3 0 1 17 289 3 1
"727" 3.33333333333333 7.66666666666667 0 12 7 2 0 0 56 3136 4 3
"728" 4.33333333333333 7.33333333333333 0 16 5 3 0 0 69 4761 6 3
"729" 5.66666666666667 6.33333333333333 0 12 8 3 0 0 48 2304 4 4
"730" 3.33333333333333 4 0 17 4 3 0 1 75 5625 3 3
"731" 5 NA 0 8 2 3 0 0 86 7396 4 2
"732" 4 2.33333333333333 1 5 NA 3 0 1 67 4489 7 2
"733" 4 5 0 4 7 3 0 0 51 2601 4 1
"734" 3 3.66666666666667 0 14 6 3 0 0 58 3364 1 0
"735" 3.33333333333333 1.66666666666667 0 19 5 3 0 1 35 1225 3 2
"736" 6.66666666666667 6.66666666666667 1 10 4 2 0 0 66 4356 4 2
"737" 3.66666666666667 3.33333333333333 0 14 9 2 0 1 47 2209 6 3
"738" 7.33333333333333 6.33333333333333 0 13 9 3 0 0 64 4096 6 2
"739" 4 5.33333333333333 0 13 4 2 0 1 41 1681 3 1
"740" 7.66666666666667 6.66666666666667 1 13 3 3 0 1 64 4096 3 2
"741" 5.66666666666667 6.33333333333333 0 20 2 3 0 0 73 5329 5 2
"742" 3.66666666666667 5.33333333333333 1 17 1 2 0 1 24 576 3 1
"743" 5.33333333333333 5.66666666666667 0 13 4 3 1 1 46 2116 4 1
"744" 4.33333333333333 4 NA 16 2 3 1 0 27 729 2 1
"745" 4.66666666666667 5.66666666666667 0 10 3 3 1 0 49 2401 0 NA
"746" 4.66666666666667 6.33333333333333 0 10 8 3 0 1 60 3600 5 2
"747" 4.66666666666667 5.33333333333333 0 12 2 3 0 0 93 8649 0 NA
"748" 7 8 0 15 1 2 0 1 88 7744 7 2
"749" 5 5 0 17 9 3 1 1 52 2704 4 2
"750" 6.33333333333333 5 1 14 8 3 0 0 21 441 2 1
"751" 5 7.33333333333333 1 11 4 3 0 1 63 3969 6 3
"752" 5.33333333333333 7 0 17 6 3 0 0 44 1936 3 1
"753" 3.66666666666667 6.33333333333333 1 10 1 1 0 1 38 1444 0 NA
"754" 7 7.33333333333333 0 20 7 3 0 0 40 1600 3 2
"755" 4.33333333333333 4.33333333333333 0 18 5 3 0 1 27 729 3 2
"756" 5.33333333333333 4.66666666666667 NA 13 8 3 0 1 51 2601 1 1
"757" 8.66666666666667 9.33333333333333 0 13 1 2 0 1 74 5476 0 NA
"758" 4.66666666666667 5.66666666666667 1 14 2 2 0 0 24 576 2 1
"759" 3.66666666666667 5 NA 10 7 3 0 0 16 256 4 2
"760" 3.66666666666667 6 0 12 4 2 0 0 43 1849 1 1
"761" 3.33333333333333 3 0 16 8 3 0 1 43 1849 3 2
"762" 3.66666666666667 7.33333333333333 0 9 4 2 0 0 66 4356 5 3
"763" NA 4.66666666666667 0 11 1 2 0 1 77 5929 7 4
"764" 5.66666666666667 6 1 13 4 2 0 1 67 4489 5 5
"765" 5 4.33333333333333 1 16 1 2 0 1 61 3721 6 4
"766" 4.66666666666667 5 0 23 4 2 0 0 33 1089 3 1
"767" 0.333333333333334 3 0 22 5 3 0 0 56 3136 0 NA
"768" 4.33333333333333 4.33333333333333 0 17 7 3 0 1 47 2209 3 1
"769" 5 7 0 12 NA 3 0 1 18 324 3 1
"770" 3.66666666666667 4.66666666666667 0 15 6 3 0 0 62 3844 5 2
"771" 6.33333333333333 3.66666666666667 0 18 6 3 0 1 66 4356 4 2
"772" 4.66666666666667 4.66666666666667 0 19 2 3 0 1 61 3721 5 3
"773" 2.66666666666667 3.66666666666667 0 19 10 3 0 0 65 4225 3 2
"774" 4.66666666666667 6.66666666666667 0 20 5 2 1 1 40 1600 5 1
"775" 3.66666666666667 4.66666666666667 0 15 8 3 0 0 55 3025 4 2
"776" 4.33333333333333 5 0 12 2 3 1 0 34 1156 7 3
"777" 6 4.66666666666667 NA 16 2 2 1 1 48 2304 1 1
"778" 6 8 0 11 4 3 1 0 72 5184 7 6
"779" 5.33333333333333 5.33333333333333 0 14 3 3 0 0 91 8281 7 4
"780" 4.33333333333333 5.33333333333333 0 13 8 2 0 0 43 1849 5 2
"781" 8.33333333333333 5.66666666666667 1 15 1 2 0 0 21 441 7 0
"782" 2.66666666666667 3.33333333333333 0 19 5 3 0 0 40 1600 2 2
"783" 3.33333333333333 5.66666666666667 0 11 10 3 0 0 17 289 3 1
"784" 7 5.66666666666667 NA 12 4 3 0 1 65 4225 3 2
"785" 5.66666666666667 7.66666666666667 0 11 3 3 0 1 74 5476 2 1
"786" 6.33333333333333 6.33333333333333 1 17 1 1 0 1 25 625 5 2
"787" 2.66666666666667 5.33333333333333 0 14 10 2 0 0 48 2304 1 1
"788" 6.33333333333333 6.66666666666667 0 16 10 3 0 1 47 2209 1 1
"789" 5 6 0 13 3 2 0 0 50 2500 6 2
"790" 5 5 0 18 5 2 0 1 42 1764 4 2
"791" 3 7 0 12 2 3 0 0 22 484 3 0
"792" 7.33333333333333 8 1 7 2 3 0 0 104 10816 2 1
"793" 7.66666666666667 9 NA 14 3 2 1 0 29 841 0 NA
"794" 2 3.66666666666667 0 15 6 3 0 0 53 2809 2 2
"795" 3.66666666666667 4.66666666666667 1 8 4 3 0 0 73 5329 2 2
"796" 7.66666666666667 9.66666666666667 0 9 1 2 1 0 67 4489 3 2
"797" 7.66666666666667 7.66666666666667 0 16 7 3 0 0 36 1296 5 2
"798" 4.66666666666667 4.33333333333333 1 16 4 3 0 0 54 2916 4 2
"799" 6 8 0 7 1 3 1 0 75 5625 6 2
"800" 6.33333333333333 7.33333333333333 0 17 8 3 0 0 39 1521 6 2
"801" 2 3 0 16 6 3 0 1 34 1156 3 1
"802" 5.66666666666667 8 1 11 4 3 0 1 46 2116 2 1
"803" 2.66666666666667 3.66666666666667 NA 17 10 3 0 0 59 3481 2 1
"804" 6.33333333333333 4.66666666666667 0 11 6 2 0 0 50 2500 4 3
"805" 4 5.33333333333333 0 15 7 3 0 0 47 2209 4 2
"806" 4.33333333333333 7.33333333333333 0 12 10 2 1 0 20 400 5 2
"807" 6 6.33333333333333 0 9 5 3 0 1 59 3481 5 4
"808" 5.66666666666667 7.66666666666667 0 12 2 1 1 1 26 676 5 0
"809" 5.66666666666667 5.66666666666667 0 12 2 1 1 1 38 1444 4 2
"810" 6.66666666666667 7.66666666666667 0 12 7 2 0 1 29 841 1 0
"811" 8.66666666666667 9.33333333333333 0 9 6 2 0 0 55 3025 5 2
"812" 2 3 0 16 10 3 0 1 74 5476 5 4
"813" 4.66666666666667 5.66666666666667 0 17 8 3 1 1 29 841 5 1
"814" 5.33333333333333 5 0 12 10 3 0 0 24 576 7 4
"815" 6.33333333333333 7.66666666666667 0 17 8 3 0 0 69 4761 7 3
"816" 4.33333333333333 5.33333333333333 0 12 4 3 1 1 29 841 6 2
"817" 5.66666666666667 5 1 13 7 3 0 1 19 361 3 1
"818" 3 5 0 17 6 2 0 0 42 1764 3 1
"819" 3.33333333333333 8 1 12 6 3 0 0 63 3969 6 2
"820" 4.33333333333333 4.66666666666667 0 20 5 2 1 1 38 1444 2 2
"821" 3 3.66666666666667 0 12 9 3 0 1 18 324 3 1
"822" 1 NA NA NA NA NA 1 1 47 2209 7 3
"823" 4 7.66666666666667 1 13 4 2 1 0 31 961 2 2
"824" 4.33333333333333 5.66666666666667 NA 9 6 3 0 0 15 225 2 1
"825" 4.66666666666667 8.66666666666667 0 13 NA 3 1 1 53 2809 4 2
"826" 1.66666666666667 1.66666666666667 0 9 NA 3 0 1 78 6084 2 4
"827" 3.33333333333333 5.33333333333333 0 16 2 2 0 0 67 4489 5 5
"828" 6 NA 0 7 8 3 0 1 66 4356 5 4
"829" 5 5 0 16 10 3 0 1 32 1024 5 2
"830" 4.33333333333333 5.33333333333333 0 9 8 2 0 1 28 784 3 2
"831" 3.66666666666667 5.66666666666667 0 10 3 3 0 0 24 576 7 1
"832" 5 5.66666666666667 0 3 10 3 0 0 29 841 2 2
"833" 4 4.33333333333333 0 14 10 3 0 0 39 1521 3 2
"834" 2.66666666666667 5 1 18 5 3 1 1 59 3481 1 2
"835" 2.66666666666667 3 0 15 7 3 1 1 33 1089 1 2
"836" 3 4.33333333333333 0 17 8 2 0 1 26 676 7 4
"837" 3 4.66666666666667 0 18 6 3 0 0 35 1225 5 2
"838" 3.66666666666667 6 0 14 8 3 0 0 53 2809 5 1
"839" 3.33333333333333 3.66666666666667 0 14 9 3 0 0 54 2916 3 2
"840" 6.66666666666667 5.66666666666667 0 17 10 3 0 0 49 2401 3 1
"841" 3.33333333333333 4 0 16 6 3 1 0 34 1156 7 0
"842" 3.66666666666667 3.66666666666667 1 15 1 2 1 0 22 484 0 NA
"843" 6 5.33333333333333 1 17 10 3 0 0 51 2601 3 2
"844" 2.66666666666667 6 0 7 4 3 0 0 73 5329 7 4
"845" 4.33333333333333 4 NA 19 5 3 0 1 66 4356 5 4
"846" 3.33333333333333 3 0 18 8 3 1 1 40 1600 0 NA
"847" 5 6 1 15 9 1 1 1 21 441 4 1
"848" 4 5.33333333333333 0 12 7 3 0 0 28 784 4 1
"849" 2.66666666666667 4.33333333333333 0 16 3 2 0 1 39 1521 6 2
"850" 3.66666666666667 5.66666666666667 0 14 10 3 0 0 32 1024 6 2
"851" 5.33333333333333 7 1 14 7 2 0 1 32 1024 5 2
"852" 1 1.66666666666667 1 11 NA 3 0 1 17 289 7 4
"853" 5 5.66666666666667 0 18 10 3 0 1 42 1764 1 1
"854" 4.33333333333333 4.66666666666667 0 17 8 3 0 0 55 3025 3 1
"855" 4.66666666666667 6 0 18 7 2 0 0 69 4761 5 2
"856" 4.66666666666667 3.66666666666667 0 18 10 3 0 0 31 961 4 1
"857" 3.33333333333333 3.66666666666667 1 19 6 2 0 0 48 2304 1 0
"858" 3 4 0 17 10 3 0 0 42 1764 2 2
"859" NA 5 NA 11 NA 2 0 1 62 3844 2 2
"860" 4.66666666666667 4.33333333333333 0 13 6 3 0 0 53 2809 4 2
"861" 6 7.66666666666667 0 10 3 3 0 0 73 5329 5 2
"862" 5.66666666666667 5.66666666666667 0 9 4 3 0 0 50 2500 7 2
"863" 5.66666666666667 5 NA 9 10 3 0 0 15 225 4 2
"864" 3.33333333333333 6 1 14 3 2 0 0 70 4900 6 5
"865" 6 8.33333333333333 1 10 2 3 0 0 72 5184 7 2
"866" 2.66666666666667 7.33333333333333 0 14 9 3 1 0 48 2304 4 2
"867" 4.66666666666667 9.66666666666667 0 9 3 3 0 1 65 4225 5 6
"868" 3.33333333333333 4 0 16 4 3 0 1 71 5041 4 2
"869" 1 6 1 13 9 2 1 1 30 900 3 3
"870" 4 5.33333333333333 NA 9 2 2 0 1 15 225 7 1
"871" 4.33333333333333 7.66666666666667 1 7 2 3 0 1 84 7056 4 2
"872" 8 8.66666666666667 0 12 7 3 0 0 49 2401 3 3
"873" 2.66666666666667 4.33333333333333 0 14 5 2 0 1 43 1849 5 2
"874" 2.33333333333333 3.33333333333333 0 10 9 3 0 0 16 256 2 1
"875" 5 4.66666666666667 0 19 3 2 0 1 65 4225 4 2
"876" 5 5.66666666666667 0 11 8 3 0 0 17 289 1 1
"877" 3 7.66666666666667 0 12 9 3 0 0 56 3136 7 5
"878" 5.66666666666667 7.66666666666667 0 16 3 1 0 1 33 1089 7 2
"879" 1.66666666666667 8.66666666666667 1 12 3 3 0 0 25 625 2 1
"880" 4.33333333333333 6.66666666666667 0 12 9 3 0 0 33 1089 3 2
"881" 5 4 0 13 5 2 0 0 42 1764 5 2
"882" 8.33333333333333 9.33333333333333 1 13 7 3 0 0 26 676 3 2
"883" 2.66666666666667 5.33333333333333 0 10 9 3 0 0 54 2916 3 2
"884" 2.66666666666667 4.33333333333333 0 17 10 3 0 0 60 3600 4 2
"885" 2 4.66666666666667 0 14 9 3 0 0 37 1369 3 0
"886" 2.33333333333333 5.66666666666667 0 14 9 3 0 1 36 1296 1 2
"887" 8.33333333333333 9.66666666666667 1 18 1 0 0 0 47 2209 5 1
"888" 4.66666666666667 4.66666666666667 NA 10 9 3 0 0 16 256 2 1
"889" 5.66666666666667 6.33333333333333 0 23 10 2 1 1 59 3481 2 0
"890" 3.66666666666667 4.33333333333333 0 15 9 3 0 0 68 4624 3 2
"891" 5.66666666666667 6 0 11 5 2 1 0 40 1600 2 1
"892" 5.66666666666667 7.33333333333333 1 16 7 3 0 1 24 576 5 0
"893" 4 7.33333333333333 0 11 5 2 0 0 55 3025 6 4
"894" 4.33333333333333 6 0 13 9 3 0 0 39 1521 6 2
"895" 5.33333333333333 6 0 17 9 3 0 0 47 2209 3 2
"896" 8.33333333333333 7 1 16 NA 3 1 1 51 2601 3 2
"897" 3.33333333333333 6 0 12 8 2 0 1 57 3249 2 2
"898" 5 7.33333333333333 0 15 6 2 0 0 34 1156 3 0
"899" 2.66666666666667 3.33333333333333 0 11 10 3 0 0 52 2704 6 3
"900" 4 3.66666666666667 0 11 4 3 0 1 60 3600 6 4
"901" 3.33333333333333 4.66666666666667 0 11 6 3 0 0 74 5476 4 3
"902" 5.66666666666667 6.33333333333333 1 19 5 2 0 1 25 625 1 1
"903" 3.33333333333333 6 NA 8 1 2 0 1 63 3969 4 3
"904" 5 5.66666666666667 0 15 2 2 1 0 26 676 5 5
"905" 5.33333333333333 8.33333333333333 0 12 10 3 0 0 65 4225 4 3
"906" 6.66666666666667 9 NA 13 7 3 0 0 39 1521 3 2
"907" 5.66666666666667 6 0 9 4 3 0 0 52 2704 4 2
"908" 8.33333333333333 8 0 12 8 3 0 1 42 1764 3 0
"909" 4.33333333333333 5.33333333333333 0 10 5 3 0 1 57 3249 5 4
"910" NA NA 1 8 1 2 0 1 76 5776 4 3
"911" 4.66666666666667 7 1 12 9 3 0 1 18 324 0 NA
"912" 5 7 1 18 6 3 0 0 74 5476 5 5
"913" 4 5.66666666666667 0 12 3 3 0 0 26 676 3 1
"914" 4.66666666666667 6.33333333333333 0 11 2 2 1 0 35 1225 6 1
"915" 4 5.66666666666667 0 11 6 2 0 0 44 1936 2 2
"916" 5.33333333333333 7 0 7 8 3 0 1 81 6561 7 3
"917" 5 8 NA 9 1 2 0 0 69 4761 6 4
"918" 3.33333333333333 3.66666666666667 0 8 3 3 0 1 82 6724 5 3
"919" 4.66666666666667 6.33333333333333 1 16 4 2 1 0 32 1024 1 1
"920" 3.66666666666667 5.33333333333333 NA 13 1 1 1 0 27 729 1 1
"921" 2 4.33333333333333 0 12 3 1 0 0 34 1156 2 1
"922" 4.66666666666667 7.66666666666667 1 15 10 3 1 0 23 529 1 0
"923" NA 3.33333333333333 0 14 1 1 0 0 33 1089 3 2
"924" 4.66666666666667 5.33333333333333 NA 20 10 3 0 1 63 3969 4 2
"925" 1 4.66666666666667 0 23 10 3 0 0 44 1936 3 2
"926" 5.66666666666667 5.66666666666667 0 12 7 3 0 0 73 5329 7 4
"927" 6 5 NA 19 9 1 0 1 26 676 7 7
"928" 0 3.33333333333333 1 20 6 2 1 0 43 1849 4 2
"929" 3.66666666666667 5 0 24 8 3 0 0 62 3844 4 4
"930" 3.33333333333333 2.33333333333333 NA 20 7 3 0 1 50 2500 2 2
"931" 5 6.33333333333333 0 15 4 2 0 0 57 3249 7 6
"932" 4.33333333333333 4.33333333333333 0 15 3 3 0 1 63 3969 5 4
"933" 3.33333333333333 2 0 19 4 3 0 0 55 3025 3 3
"934" NA 5.33333333333333 0 21 10 3 0 0 34 1156 1 2
"935" 4.33333333333333 5.66666666666667 0 13 6 2 1 0 23 529 2 1
"936" 4 4.33333333333333 1 13 9 3 1 0 19 361 4 1
"937" 3.33333333333333 4.66666666666667 0 11 6 3 0 0 64 4096 2 2
"938" 5.66666666666667 7 NA 11 6 3 0 1 17 289 2 0
"939" 5 5.66666666666667 1 14 NA 2 0 1 51 2601 7 4
"940" 3.33333333333333 5 0 18 8 3 0 1 49 2401 1 1
"941" 4.66666666666667 4.33333333333333 0 18 8 3 0 0 63 3969 3 2
"942" 5 4.33333333333333 0 23 9 3 0 0 67 4489 3 2
"943" 3.33333333333333 4.33333333333333 0 19 10 2 0 1 41 1681 2 2
"944" 3 4.66666666666667 0 7 3 3 0 1 75 5625 6 4
"945" 5 3.66666666666667 1 11 5 2 0 1 17 289 3 0
"946" 3 4 0 17 10 3 0 0 40 1600 4 2
"947" 3 4.66666666666667 0 17 4 3 0 1 60 3600 5 4
"948" 4 5 0 18 9 3 0 0 49 2401 4 2
"949" 5 5.33333333333333 NA 13 4 2 0 0 19 361 2 1
"950" 4.33333333333333 4.66666666666667 0 16 4 3 0 1 68 4624 5 3
"951" 4.66666666666667 6.33333333333333 0 16 6 3 1 1 56 3136 3 3
"952" 4 5.66666666666667 0 9 4 3 0 1 53 2809 6 5
"953" 3.66666666666667 4 0 16 9 3 0 0 40 1600 2 2
"954" 4.33333333333333 4 0 18 3 2 0 1 64 4096 5 4
"955" 1 1.66666666666667 NA 14 9 3 0 0 55 3025 7 3
"956" 5.66666666666667 4.33333333333333 0 11 7 3 0 1 71 5041 7 5
"957" 4 NA 0 9 1 3 0 1 94 8836 7 2
"958" 4.33333333333333 5.33333333333333 1 14 1 2 1 1 20 400 1 1
"959" 5.33333333333333 5.33333333333333 0 19 7 3 0 1 50 2500 2 0
"960" 2.33333333333333 3 0 16 4 3 0 0 26 676 4 2
"961" 3.66666666666667 4.33333333333333 0 17 8 3 0 1 38 1444 5 2
"962" 6.33333333333333 8.33333333333333 0 9 2 3 0 1 59 3481 3 3
"963" 2 4 NA 11 1 2 0 1 20 400 5 0
"964" 5 5.66666666666667 NA 13 6 3 0 0 20 400 0 NA
"965" 4 5 0 17 9 3 0 1 47 2209 6 4
"966" 7.33333333333333 7.33333333333333 0 12 4 3 0 0 27 729 7 2
"967" 4 5.66666666666667 0 12 3 3 0 0 70 4900 7 7
"968" 1.66666666666667 4.66666666666667 0 7 1 2 0 1 73 5329 7 7
"969" 5.66666666666667 6.33333333333333 0 17 5 3 0 1 61 3721 5 3
"970" 4 5.33333333333333 0 11 6 3 0 1 66 4356 4 3
"971" 5.33333333333333 7 NA 14 7 3 0 0 53 2809 3 1
"972" 5.66666666666667 5.33333333333333 0 14 7 3 0 0 51 2601 5 1
"973" 5.66666666666667 5.33333333333333 0 15 5 3 0 1 63 3969 5 2
"974" 5 6.33333333333333 NA 9 6 3 0 0 65 4225 3 2
"975" 6.33333333333333 7.66666666666667 0 11 2 3 0 1 68 4624 6 4
"976" 4.66666666666667 5.66666666666667 0 17 9 3 0 0 46 2116 4 2
"977" 5.33333333333333 7 0 12 4 2 0 0 31 961 3 2
"978" 2.33333333333333 3.66666666666667 0 9 8 2 1 1 53 2809 2 2
"979" 2.33333333333333 4.33333333333333 1 14 10 3 0 1 20 400 3 1
"980" 4 4.33333333333333 0 12 3 3 0 0 53 2809 5 4
"981" 4.33333333333333 7.33333333333333 0 12 7 3 0 0 80 6400 6 4
"982" 3.66666666666667 5 1 20 10 3 0 0 56 3136 2 2
"983" 5.33333333333333 3.33333333333333 0 15 10 3 0 1 52 2704 4 3
"984" 4.33333333333333 5.33333333333333 0 10 5 3 0 1 65 4225 5 3
"985" 8.33333333333333 9 0 15 5 2 0 1 29 841 2 1
"986" 2.66666666666667 3.33333333333333 0 15 1 3 0 1 20 400 0 NA
"987" 5.33333333333333 5.66666666666667 1 11 3 3 0 0 17 289 5 2
"988" 2.66666666666667 3.33333333333333 0 14 9 3 0 1 46 2116 3 2
"989" 3.66666666666667 4 0 12 4 3 0 0 61 3721 4 2
"990" 2.66666666666667 2.66666666666667 0 15 9 3 0 0 63 3969 3 2
"991" 3.66666666666667 4.33333333333333 1 8 10 3 1 1 62 3844 7 5
"992" 7 5.66666666666667 1 12 4 1 0 1 38 1444 1 1
"993" 3.66666666666667 6 0 12 3 2 0 0 73 5329 5 4
"994" 3.66666666666667 5 NA 10 2 2 0 0 63 3969 5 4
"995" 3.66666666666667 6 1 9 9 2 0 0 15 225 4 2
"996" 8.33333333333333 8.33333333333333 1 10 2 3 0 0 44 1936 4 1
"997" 6 5 1 11 5 2 0 1 18 324 7 1
"998" 5 3.66666666666667 0 15 3 2 0 0 23 529 1 1
"999" 6.66666666666667 5.66666666666667 0 17 10 3 1 1 60 3600 0 NA
"1000" 6 8.33333333333333 0 9 3 3 0 0 54 2916 1 1
"1001" 6 5.66666666666667 0 12 10 3 0 0 54 2916 5 4
"1002" 7 7.66666666666667 0 13 4 2 0 0 35 1225 5 1
"1003" 4.66666666666667 5.33333333333333 0 14 10 3 1 1 44 1936 3 2
"1004" 4 4.66666666666667 1 11 7 2 0 1 17 289 7 2
"1005" 5 6.66666666666667 1 8 7 3 0 1 76 5776 6 4
"1006" 2 6.66666666666667 0 12 4 3 0 0 44 1936 4 2
"1007" 3.33333333333333 5.33333333333333 1 10 2 3 0 1 73 5329 7 3
"1008" NA 6.33333333333333 0 7 8 3 0 0 92 8464 6 3
"1009" NA 6.66666666666667 0 12 3 3 0 0 21 441 4 1
"1010" 6.33333333333333 8.66666666666667 0 17 6 3 0 0 42 1764 1 1
"1011" 5.33333333333333 NA 1 6 1 3 0 1 95 9025 2 1
"1012" 3.33333333333333 5 0 13 4 3 0 0 28 784 2 2
"1013" 4 5 NA 12 8 2 0 1 42 1764 4 2
"1014" 5 7 0 10 1 2 0 1 50 2500 7 5
"1015" 2.33333333333333 4.66666666666667 0 14 1 1 1 1 32 1024 7 1
"1016" 7 7 0 12 7 3 0 0 46 2116 1 1
"1017" NA 6 NA 10 4 3 0 0 17 289 0 NA
"1018" 3 5.33333333333333 0 8 3 3 0 0 62 3844 3 2
"1019" 4 4 0 11 3 3 0 1 64 4096 3 3
"1020" 5 5 0 12 4 3 0 1 57 3249 6 3
"1021" 5.66666666666667 4.33333333333333 0 15 6 3 0 1 36 1296 3 2
"1022" 7 7 0 13 10 2 0 1 44 1936 6 5
"1023" 4 5 1 12 3 3 0 0 43 1849 3 2
"1024" 6 7.66666666666667 0 11 10 3 0 0 17 289 2 0
"1025" 4 4.33333333333333 0 18 3 2 0 0 47 2209 3 2
"1026" 5.66666666666667 5 0 12 4 3 0 0 63 3969 3 2
"1027" 6.33333333333333 5.66666666666667 NA 10 3 2 0 0 62 3844 4 2
"1028" 4.66666666666667 7.33333333333333 0 10 2 2 0 0 62 3844 5 3
"1029" 7 NA 1 8 1 1 0 1 76 5776 6 5
"1030" 4.33333333333333 NA 0 12 1 1 1 1 38 1444 5 5
"1031" 3 4.33333333333333 0 16 7 3 0 1 45 2025 2 1
"1032" 6.66666666666667 7 0 15 5 2 0 0 43 1849 4 2
"1033" 3.66666666666667 5 0 12 6 3 0 1 53 2809 3 2
"1034" 4.33333333333333 5.33333333333333 0 10 NA 3 0 0 16 256 3 1
"1035" 6.66666666666667 6.66666666666667 0 15 3 0 0 1 41 1681 6 4
"1036" 2.33333333333333 6.33333333333333 0 17 9 3 0 0 39 1521 3 2
"1037" 4.66666666666667 6.33333333333333 0 17 4 3 0 0 69 4761 7 3
"1038" 4.33333333333333 7 0 18 5 2 1 0 65 4225 5 1
"1039" NA 4.33333333333333 NA 13 4 2 0 1 42 1764 5 1
"1040" 2.66666666666667 3.66666666666667 0 15 4 3 1 1 59 3481 3 2
"1041" 6.33333333333333 6 0 12 NA 3 0 0 17 289 2 1
"1042" 4.33333333333333 5.66666666666667 0 8 2 3 0 0 73 5329 3 3
"1043" 3.66666666666667 4.33333333333333 NA 13 2 3 0 0 34 1156 3 1
"1044" 5.66666666666667 8.33333333333333 NA 10 NA 3 0 0 15 225 2 2
"1045" 1.66666666666667 2.66666666666667 0 24 6 3 0 1 49 2401 1 1
"1046" 6.33333333333333 8.33333333333333 0 12 7 2 0 0 46 2116 2 2
"1047" 1.66666666666667 1.66666666666667 0 12 4 3 0 0 75 5625 2 2
"1048" 5.33333333333333 5 0 14 3 2 0 0 45 2025 1 1
"1049" 5 5.66666666666667 0 13 3 2 0 0 69 4761 4 3
"1050" 4.33333333333333 7 0 14 1 1 1 0 22 484 4 1
"1051" 3.66666666666667 5 0 14 9 3 1 1 23 529 1 1
"1052" 6.66666666666667 7.33333333333333 0 14 8 3 0 0 62 3844 2 2
"1053" 4.66666666666667 6.33333333333333 0 12 4 3 0 0 38 1444 5 1
"1054" 4 6.66666666666667 0 14 4 3 0 0 40 1600 5 3
"1055" 3.33333333333333 5 0 14 7 3 0 0 45 2025 3 2
"1056" 4 4 0 20 7 3 1 1 45 2025 1 1
"1057" 4.66666666666667 4 0 9 4 2 0 0 58 3364 7 3
"1058" 3.33333333333333 4.66666666666667 0 19 7 3 0 1 63 3969 3 3
"1059" 1.66666666666667 4.33333333333333 NA 19 NA 3 1 1 21 441 6 2
"1060" 2.66666666666667 4.66666666666667 0 17 4 3 0 0 60 3600 3 2
"1061" 5.66666666666667 4.66666666666667 0 17 6 3 0 1 47 2209 5 2
"1062" 5 4.33333333333333 0 13 5 3 0 0 43 1849 5 2
"1063" 6 8 1 11 2 3 0 0 45 2025 3 3
"1064" 6.66666666666667 8.66666666666667 NA 11 2 2 0 0 45 2025 5 2
"1065" 4.33333333333333 5.33333333333333 0 11 3 2 0 1 39 1521 1 5
"1066" 4.33333333333333 2 NA 12 1 3 0 0 17 289 2 1
"1067" 4.66666666666667 7.33333333333333 0 13 2 3 0 0 71 5041 7 4
"1068" 7.33333333333333 7 0 6 3 3 0 0 50 2500 4 3
"1069" 3.66666666666667 4.66666666666667 0 22 9 2 0 0 55 3025 3 2
"1070" 4 4.66666666666667 0 10 2 2 0 0 60 3600 5 4
"1071" 7 8 NA 7 2 3 0 0 87 7569 4 4
"1072" NA 4 0 18 7 3 0 1 42 1764 2 1
"1073" 7 6 1 12 10 3 0 0 18 324 6 3
"1074" 5 5.33333333333333 0 15 4 3 0 0 49 2401 2 2
"1075" 3.33333333333333 4.66666666666667 NA 15 5 3 1 0 48 2304 3 3
"1076" 3.66666666666667 2.33333333333333 0 18 8 2 0 1 46 2116 4 2
"1077" 4 3.33333333333333 0 12 10 3 0 0 52 2704 3 1
"1078" 6.33333333333333 7.66666666666667 0 8 1 2 0 1 90 8100 4 3
"1079" 5 NA NA 12 1 2 1 1 45 2025 3 2
"1080" 5.33333333333333 3.33333333333333 0 11 2 2 0 1 86 7396 5 4
"1081" 2.33333333333333 4 0 19 6 3 0 0 67 4489 4 4
"1082" 6.33333333333333 6.33333333333333 1 12 10 3 0 0 18 324 2 1
"1083" 3.66666666666667 NA NA 7 NA 2 0 1 88 7744 5 3
"1084" 6.33333333333333 5.66666666666667 0 16 1 0 0 1 23 529 4 1
"1085" 4.33333333333333 4.33333333333333 0 11 6 3 0 0 25 625 5 3
"1086" 7 7.33333333333333 0 10 5 2 0 1 42 1764 4 2
"1087" 4.33333333333333 5.33333333333333 NA 8 2 1 0 1 59 3481 6 3
"1088" NA 5.66666666666667 NA 14 1 1 1 1 20 400 0 NA
"1089" 3.66666666666667 5 1 16 1 3 0 0 21 441 6 3
"1090" 5.66666666666667 6.66666666666667 0 12 7 3 0 0 27 729 1 1
"1091" 4.33333333333333 4.33333333333333 1 20 4 3 1 0 55 3025 2 2
"1092" 5.33333333333333 6.33333333333333 0 11 1 3 0 0 66 4356 7 3
"1093" 3.66666666666667 5.66666666666667 0 20 7 2 0 1 46 2116 2 2
"1094" 5 6 0 13 7 3 0 0 63 3969 4 1
"1095" 6 6.66666666666667 0 13 4 3 0 1 18 324 2 2
"1096" 1.66666666666667 3.66666666666667 NA 9 NA 3 1 0 15 225 2 1
"1097" 4.66666666666667 5.66666666666667 NA 12 9 3 0 1 54 2916 4 4
"1098" 5.33333333333333 6.66666666666667 NA 16 1 3 0 1 22 484 4 4
"1099" 5.66666666666667 7 0 12 3 2 0 0 49 2401 2 1
"1100" 4.66666666666667 5.66666666666667 0 17 7 3 0 0 34 1156 2 1
"1101" 2.66666666666667 5.66666666666667 NA 6 1 0 1 0 22 484 4 1
"1102" 6 7 0 11 4 2 0 0 27 729 5 0
"1103" 5.33333333333333 4.33333333333333 0 17 8 3 0 1 62 3844 3 2
"1104" 4.33333333333333 4.66666666666667 1 15 10 3 1 0 49 2401 1 1
"1105" 3.66666666666667 5 0 13 5 3 0 1 19 361 3 2
"1106" 5.33333333333333 8 0 14 9 3 0 0 45 2025 3 2
"1107" 3.66666666666667 6.33333333333333 1 20 9 3 0 0 72 5184 7 4
"1108" 4.66666666666667 6.66666666666667 1 8 2 3 0 1 89 7921 7 2
"1109" 5.33333333333333 6.33333333333333 NA 16 9 3 0 0 23 529 7 2
"1110" 3.33333333333333 5 0 18 9 3 0 0 57 3249 7 4
"1111" 5 8 0 13 10 3 0 0 32 1024 4 2
"1112" 4.66666666666667 5 0 14 3 3 0 1 75 5625 2 1
"1113" 2.66666666666667 3 0 16 5 2 0 1 22 484 5 1
"1114" 5.66666666666667 6 0 14 3 3 0 1 63 3969 4 3
"1115" 4.66666666666667 6.33333333333333 NA 14 1 2 0 1 20 400 0 NA
"1116" 3.66666666666667 6.33333333333333 0 14 7 3 0 0 52 2704 2 1
"1117" 5.66666666666667 6.33333333333333 1 14 6 3 0 1 20 400 0 NA
"1118" 6 7.33333333333333 0 16 6 2 0 0 38 1444 2 2
"1119" 5.33333333333333 7.33333333333333 1 14 2 3 0 0 68 4624 5 3
"1120" 5 4.66666666666667 0 19 10 3 0 1 49 2401 4 2
"1121" 5 5.66666666666667 0 12 3 2 1 0 43 1849 0 NA
"1122" 5.66666666666667 9 0 17 10 3 1 0 37 1369 2 2
"1123" 4.33333333333333 4.66666666666667 0 18 6 3 0 0 60 3600 2 2
"1124" 5.33333333333333 5.66666666666667 NA 10 10 3 0 0 16 256 5 1
"1125" 5.66666666666667 7.33333333333333 0 11 6 2 0 0 45 2025 7 2
"1126" 6.66666666666667 8.33333333333333 1 14 8 3 0 1 20 400 6 1
"1127" 4.33333333333333 4.66666666666667 0 15 9 3 0 1 51 2601 4 1
"1128" 3.33333333333333 4.33333333333333 0 12 5 3 1 0 34 1156 5 3
"1129" 3.33333333333333 4.66666666666667 1 12 1 1 0 1 17 289 7 2
"1130" 4 5.66666666666667 0 9 1 3 0 1 84 7056 5 1
"1131" 6.33333333333333 6.66666666666667 0 9 5 3 0 0 63 3969 6 3
"1132" 2.33333333333333 3 NA 12 1 2 0 0 55 3025 2 2
"1133" 4.33333333333333 7 0 7 1 3 0 0 82 6724 3 3
"1134" 2.33333333333333 4.33333333333333 0 10 5 3 0 0 63 3969 2 2
"1135" 2.66666666666667 5 0 14 5 3 1 1 29 841 6 2
"1136" 5 5.66666666666667 0 12 9 3 0 0 47 2209 5 1
"1137" 6 7 0 12 4 3 0 1 38 1444 3 1
"1138" 4.33333333333333 5.33333333333333 0 24 2 2 0 0 66 4356 5 4
"1139" 4.66666666666667 5 0 15 3 3 0 1 21 441 2 0
"1140" 4.33333333333333 4.66666666666667 0 18 7 3 0 1 44 1936 2 2
"1141" 4 5.33333333333333 NA 9 4 2 0 0 15 225 1 0
"1142" 5 7.33333333333333 0 8 9 3 0 0 62 3844 2 2
"1143" 3.33333333333333 8 0 17 5 2 0 0 33 1089 2 1
"1144" 5 6.33333333333333 0 16 5 3 0 1 72 5184 5 4
"1145" 4 5.33333333333333 0 17 3 3 0 1 40 1600 5 2
"1146" 5.66666666666667 7.66666666666667 1 13 9 2 0 0 18 324 4 1
"1147" NA 7 0 16 NA 3 0 1 25 625 5 1
"1148" 5.33333333333333 4.33333333333333 NA 11 3 1 0 1 52 2704 4 3
"1149" 3.66666666666667 5.66666666666667 1 10 8 3 0 0 55 3025 5 3
"1150" 4 5 0 13 7 3 0 1 50 2500 6 2
"1151" 3.33333333333333 6 0 8 1 2 0 0 68 4624 3 3
"1152" 3.33333333333333 6.66666666666667 0 18 2 3 1 0 59 3481 3 3
"1153" 5.33333333333333 4.33333333333333 1 7 2 2 0 1 83 6889 7 4
"1154" 4.33333333333333 4.66666666666667 NA 11 4 3 0 0 53 2809 5 2
"1155" 3.66666666666667 6.33333333333333 0 12 10 3 0 1 31 961 7 7
"1156" 3.33333333333333 5 0 15 5 3 0 0 50 2500 4 3
"1157" 2.66666666666667 3.66666666666667 0 11 3 2 0 0 56 3136 7 2
"1158" 2.66666666666667 3.66666666666667 1 12 2 1 0 1 53 2809 5 3
"1159" 2 3.66666666666667 0 18 5 3 0 0 31 961 2 2
"1160" 3.66666666666667 3.66666666666667 1 15 4 3 0 0 55 3025 3 2
"1161" 4.66666666666667 NA 0 18 7 3 1 1 38 1444 2 1
"1162" 3.66666666666667 5 0 23 10 3 0 1 55 3025 0 NA
"1163" 4.33333333333333 5.66666666666667 1 16 2 2 0 1 64 4096 3 2
"1164" 3 4.66666666666667 0 14 7 3 0 1 74 5476 5 4
"1165" 5.66666666666667 6.33333333333333 0 16 9 3 0 0 23 529 2 1
"1166" 4 4 0 25 4 3 1 0 36 1296 2 1
"1167" 2 4 0 16 7 1 0 0 40 1600 5 3
"1168" 6.33333333333333 5.66666666666667 1 12 8 1 0 0 25 625 5 1
"1169" 3.66666666666667 4.33333333333333 1 17 9 3 0 0 76 5776 4 1
"1170" 4 5.33333333333333 0 19 10 3 0 0 62 3844 3 2
"1171" 5 5.33333333333333 1 16 6 2 1 1 22 484 4 2
"1172" 4 2 0 19 7 3 0 0 60 3600 4 2
"1173" 4.66666666666667 2.66666666666667 0 15 4 2 1 1 60 3600 2 2
"1174" NA 7 1 17 1 1 0 1 45 2025 7 6
"1175" NA NA NA 9 1 3 1 1 71 5041 6 5
"1176" 4.66666666666667 7.66666666666667 0 12 5 3 0 0 84 7056 5 5
"1177" 5 5 0 18 7 3 0 1 58 3364 5 4
"1178" 3.33333333333333 3.66666666666667 0 17 6 3 1 0 30 900 4 1
"1179" 3.66666666666667 5.66666666666667 0 16 7 2 0 1 35 1225 6 0
"1180" 4.33333333333333 8.66666666666667 NA 12 5 3 0 0 66 4356 7 2
"1181" 2.66666666666667 5.33333333333333 0 20 9 3 0 0 47 2209 3 1
"1182" 3.33333333333333 3 0 16 1 2 1 1 21 441 2 1
"1183" 4 NA 0 18 8 3 0 1 55 3025 2 2
"1184" 4 5.33333333333333 NA 13 8 3 0 0 52 2704 4 1
"1185" 5 2.66666666666667 NA 12 NA 3 0 0 18 324 3 1
"1186" 4.66666666666667 6 NA 12 NA 3 0 1 18 324 0 NA
"1187" 4.33333333333333 4.33333333333333 0 17 2 2 1 1 33 1089 1 0
"1188" 6.66666666666667 7.33333333333333 1 11 1 1 0 1 49 2401 4 1
"1189" 5 4 0 13 2 3 0 1 86 7396 6 5
"1190" 4 4 0 21 2 3 0 0 73 5329 6 4
"1191" 4 4.66666666666667 0 16 9 3 0 0 57 3249 2 1
"1192" 3.33333333333333 4.66666666666667 0 12 3 2 0 0 53 2809 1 1
"1193" 3.66666666666667 4.33333333333333 0 20 6 3 0 0 30 900 4 4
"1194" 6 4.33333333333333 1 13 5 2 0 0 65 4225 4 4
"1195" 3.66666666666667 4.66666666666667 0 17 4 2 1 1 33 1089 2 1
"1196" NA NA 0 11 6 2 1 1 65 4225 7 2
"1197" 4.33333333333333 5.33333333333333 0 18 8 3 1 1 59 3481 2 2
"1198" 2.66666666666667 6.66666666666667 0 16 7 3 0 0 37 1369 5 1
"1199" 2.66666666666667 4 0 19 5 3 0 0 26 676 2 1
"1200" 4 5.33333333333333 0 16 3 3 0 0 65 4225 4 2
"1201" 3.33333333333333 5.33333333333333 1 16 8 2 0 1 22 484 3 0
"1202" 7 8.66666666666667 0 12 NA 2 0 1 42 1764 4 1
"1203" 3.33333333333333 3.66666666666667 0 17 8 3 0 1 47 2209 4 2
"1204" 6.66666666666667 3.66666666666667 NA 13 1 3 0 0 20 400 0 NA
"1205" 7.66666666666667 9 1 14 3 2 0 0 58 3364 2 2
"1206" 4 NA 0 18 10 3 0 1 51 2601 3 1
"1207" 3.33333333333333 4.33333333333333 NA 14 5 3 0 0 61 3721 7 6
"1208" 3.66666666666667 4.66666666666667 0 11 2 2 0 0 74 5476 7 7
"1209" 2 4 0 15 9 2 0 1 53 2809 2 2
"1210" 4.33333333333333 6 0 17 9 2 0 1 32 1024 1 1
"1211" 2.33333333333333 NA 0 17 10 3 0 0 41 1681 2 1
"1212" 3.33333333333333 NA 1 12 2 3 0 0 21 441 2 2
"1213" 4.33333333333333 4 0 13 4 2 0 1 30 900 5 2
"1214" 4.33333333333333 5 0 8 1 2 0 1 69 4761 7 3
"1215" 4 3.33333333333333 0 15 2 2 0 1 43 1849 3 2
"1216" 5.66666666666667 NA 0 13 4 2 1 0 52 2704 7 3
"1217" 4.33333333333333 5.33333333333333 0 14 8 3 0 0 47 2209 3 2
"1218" 4.33333333333333 5.66666666666667 0 14 8 2 0 1 58 3364 5 2
"1219" 4.33333333333333 7 0 9 7 3 0 1 58 3364 5 3
"1220" NA NA 0 7 2 3 0 0 95 9025 7 3
"1221" 3 4 1 12 8 2 0 0 36 1296 2 2
"1222" 3.33333333333333 4.66666666666667 0 17 2 1 0 1 39 1521 2 1
"1223" 4 4 0 18 7 3 0 0 57 3249 2 1
"1224" 3.33333333333333 NA 0 16 9 3 0 1 60 3600 4 4
"1225" 6 5 NA 10 4 2 0 1 16 256 3 1
"1226" 4 7 0 2 4 3 0 1 57 3249 6 3
"1227" 4 4.66666666666667 0 13 3 3 0 1 66 4356 5 2
"1228" 4.33333333333333 6.33333333333333 0 12 8 2 0 0 52 2704 5 2
"1229" 2.66666666666667 4.33333333333333 0 19 2 3 0 0 30 900 0 NA
"1230" 5 6 0 12 6 3 0 0 72 5184 5 3
"1231" 3.33333333333333 4.66666666666667 0 11 4 3 0 1 65 4225 3 3
"1232" 5 7 0 19 9 3 0 1 32 1024 2 1
"1233" 1.33333333333333 5 0 19 8 3 0 1 44 1936 1 1
"1234" 5 4.66666666666667 0 19 3 3 0 0 32 1024 6 3
"1235" 3 4.66666666666667 0 18 8 3 0 0 32 1024 2 1
"1236" 3.33333333333333 5 0 12 9 3 0 1 53 2809 4 2
"1237" 4.33333333333333 5 1 17 9 3 0 0 24 576 1 1
"1238" 2.66666666666667 4.33333333333333 0 8 1 2 0 1 70 4900 7 3
"1239" 4 5.66666666666667 0 8 4 3 0 0 78 6084 5 2
"1240" 5 6.33333333333333 0 10 NA 3 0 1 18 324 3 1
"1241" 6 8.66666666666667 0 8 2 2 0 1 64 4096 4 2
"1242" 7 7.66666666666667 0 10 2 3 0 1 75 5625 5 2
"1243" 3 3.33333333333333 0 11 5 3 0 0 56 3136 7 6
"1244" 7.66666666666667 7 0 12 1 1 0 1 29 841 3 0
"1245" 4.66666666666667 6 0 15 3 3 0 1 54 2916 3 2
"1246" 4 2.66666666666667 NA 17 2 2 0 1 44 1936 5 1
"1247" 2.66666666666667 4 0 10 7 3 0 0 53 2809 2 2
"1248" 3 5.33333333333333 0 12 2 3 0 0 72 5184 7 6
"1249" 5 5.33333333333333 0 14 7 3 0 0 27 729 6 3
"1250" NA 4.33333333333333 0 10 10 2 0 1 62 3844 5 2
"1251" 4.33333333333333 4.33333333333333 0 14 3 2 0 0 41 1681 6 2
"1252" 6 6 1 14 NA 3 0 0 84 7056 0 NA
"1253" 4 6 NA 15 5 3 0 0 39 1521 3 2
"1254" 5 4.66666666666667 0 17 4 3 0 1 62 3844 1 1
"1255" 4.33333333333333 4.33333333333333 1 12 8 3 0 0 21 441 2 0
"1256" 4.33333333333333 4.66666666666667 0 9 4 3 0 1 61 3721 5 3
"1257" 6 5.33333333333333 0 16 10 3 0 0 48 2304 3 2
"1258" 4.33333333333333 6.66666666666667 0 12 4 3 0 0 78 6084 6 4
"1259" 4 7.66666666666667 0 13 5 2 0 0 46 2116 5 2
"1260" 3 5 0 15 8 3 0 0 65 4225 4 2
"1261" 5 1.66666666666667 1 15 1 2 0 0 23 529 3 2
"1262" 4.66666666666667 5.66666666666667 0 18 4 2 0 1 38 1444 6 2
"1263" 4.33333333333333 5.66666666666667 0 15 4 2 0 0 35 1225 3 1
"1264" 6.66666666666667 7.66666666666667 1 9 9 3 0 0 15 225 4 1
"1265" 5.66666666666667 2 NA 13 1 0 0 0 19 361 1 0
"1266" 6.33333333333333 6.66666666666667 0 12 1 0 1 0 51 2601 7 1
"1267" 4.33333333333333 4.66666666666667 NA 12 7 2 0 0 46 2116 7 4
"1268" 3 3.66666666666667 0 15 4 2 0 1 37 1369 2 2
"1269" 5 7 0 13 3 2 0 0 67 4489 6 3
"1270" 5 4.66666666666667 0 12 8 3 0 0 65 4225 3 2
"1271" 5.66666666666667 5 0 12 10 3 0 0 51 2601 5 4
"1272" 6.66666666666667 3 0 12 2 2 0 1 42 1764 2 0
"1273" 3.66666666666667 4 0 14 5 3 0 1 65 4225 2 2
"1274" 3.66666666666667 6 1 18 5 3 0 0 67 4489 4 3
"1275" 4 4 1 21 2 2 0 1 28 784 2 2
"1276" 3.33333333333333 4.33333333333333 0 12 8 3 0 0 57 3249 4 2
"1277" 5 4.66666666666667 0 14 2 2 0 1 51 2601 4 2
"1278" 3.66666666666667 5.66666666666667 0 9 7 3 0 0 15 225 6 2
"1279" 3.33333333333333 2.66666666666667 0 15 6 3 0 1 24 576 3 2
"1280" 4 5 0 10 1 1 0 0 17 289 5 0
"1281" 4.66666666666667 6 0 9 4 3 0 0 70 4900 5 4
"1282" 3.33333333333333 4.33333333333333 0 13 3 2 0 0 28 784 7 0
"1283" 6.33333333333333 6.33333333333333 1 11 2 0 0 1 39 1521 6 1
"1284" 4.33333333333333 5.33333333333333 0 10 4 3 0 0 54 2916 3 2
"1285" 4.66666666666667 7.66666666666667 NA 15 3 2 0 1 72 5184 5 3
"1286" 5 5.33333333333333 1 14 1 1 1 0 29 841 4 0
"1287" 6 NA 0 16 5 2 1 1 44 1936 7 2
"1288" 4.66666666666667 4.66666666666667 0 18 5 2 0 0 41 1681 7 2
"1289" 3 4 0 16 3 1 0 0 34 1156 1 1
"1290" 5.66666666666667 6.66666666666667 0 19 2 1 0 1 79 6241 4 4
"1291" 6.33333333333333 6.66666666666667 0 13 3 3 0 0 82 6724 5 2
"1292" 5 4.33333333333333 0 16 6 2 0 1 35 1225 2 1
"1293" 3 4.33333333333333 0 15 5 2 0 0 39 1521 4 3
"1294" 5.33333333333333 5.66666666666667 0 13 2 2 0 0 60 3600 3 2
"1295" 5.33333333333333 6 0 17 10 3 0 1 57 3249 3 3
"1296" 3.66666666666667 6.33333333333333 NA 10 NA 3 0 0 16 256 4 2
"1297" 4.66666666666667 5.33333333333333 0 12 6 3 0 1 57 3249 1 1
"1298" 3.66666666666667 4.33333333333333 NA 13 5 3 0 0 69 4761 4 2
"1299" 4.66666666666667 7.66666666666667 0 14 10 2 0 1 25 625 6 1
"1300" 6.33333333333333 6.66666666666667 0 16 8 3 0 1 32 1024 3 2
"1301" 6 4.66666666666667 NA 13 4 3 0 1 19 361 3 1
"1302" 4 5.66666666666667 0 13 8 3 0 1 50 2500 4 3
"1303" 5 6 0 8 6 3 0 0 68 4624 7 5
"1304" 2.66666666666667 4 0 18 2 2 0 0 65 4225 3 3
"1305" 6.66666666666667 7 1 13 1 3 0 0 21 441 2 0
"1306" 4.66666666666667 6.66666666666667 0 14 10 3 0 0 42 1764 2 1
"1307" 6 5.33333333333333 0 15 3 2 0 1 32 1024 6 3
"1308" 4.33333333333333 7 0 12 6 2 0 1 33 1089 6 5
"1309" 5 5.66666666666667 0 25 7 3 0 0 56 3136 0 NA
"1310" 5 3.33333333333333 NA 11 5 3 0 0 36 1296 1 1
"1311" 0.666666666666666 4 0 18 2 3 0 1 28 784 1 1
"1312" 4.66666666666667 7 0 11 NA 3 0 1 68 4624 3 2
"1313" 5 7.33333333333333 0 17 10 3 NA 1 46 2116 2 2
"1314" 3.33333333333333 4 0 17 10 3 0 0 46 2116 3 2
"1315" 7.33333333333333 5.66666666666667 0 8 4 3 0 1 69 4761 5 2
"1316" 3.66666666666667 2.66666666666667 0 18 10 3 1 1 43 1849 4 2
"1317" 5 6.33333333333333 0 16 6 2 0 0 51 2601 5 3
"1318" 5 4.66666666666667 NA 8 3 2 0 0 73 5329 3 2
"1319" NA NA 1 12 NA 3 1 1 52 2704 7 3
"1320" 6.66666666666667 NA 0 8 NA 3 0 1 81 6561 7 6
"1321" 4.66666666666667 6 0 11 3 2 0 0 56 3136 5 5
"1322" 4.66666666666667 3.33333333333333 NA 16 1 3 0 0 81 6561 6 6
"1323" 2.33333333333333 4.66666666666667 1 15 NA 3 1 1 22 484 0 NA
"1324" 5 6.66666666666667 1 9 NA 2 0 1 77 5929 3 1
"1325" 3.33333333333333 4.33333333333333 0 25 10 3 0 1 51 2601 2 2
"1326" 2.66666666666667 3.33333333333333 0 12 2 1 0 0 65 4225 2 1
"1327" 2.66666666666667 4 NA 10 5 2 0 0 57 3249 3 2
"1328" 6.66666666666667 6.33333333333333 0 10 2 3 0 1 16 256 3 1
"1329" 4.33333333333333 5.33333333333333 0 11 4 3 NA 0 69 4761 3 3
"1330" 5.33333333333333 5.33333333333333 0 11 4 2 0 1 46 2116 7 4
"1331" 2.66666666666667 4.66666666666667 0 15 10 3 0 0 47 2209 2 2
"1332" 3 8.33333333333333 0 7 4 3 0 0 82 6724 7 3
"1333" 6.66666666666667 7.66666666666667 1 12 1 1 0 0 19 361 7 1
"1334" 6 6 0 11 5 2 0 1 27 729 3 2
"1335" 3 5.33333333333333 NA 15 9 2 0 1 44 1936 5 2
"1336" 2.33333333333333 5 1 18 6 3 0 0 57 3249 7 5
"1337" 4.33333333333333 5.66666666666667 1 15 2 3 0 1 48 2304 3 1
"1338" 5.33333333333333 7 0 17 2 1 0 1 40 1600 4 2
"1339" 5.33333333333333 4.33333333333333 NA 9 8 3 0 0 15 225 6 1
"1340" 2.33333333333333 3.66666666666667 0 13 5 3 0 1 53 2809 2 2
"1341" 3.66666666666667 5.66666666666667 NA 11 7 3 0 0 76 5776 7 7
"1342" 6.33333333333333 6.66666666666667 1 13 6 3 0 1 26 676 5 1
"1343" 4.66666666666667 6 1 10 2 2 1 0 17 289 4 1
"1344" 6.66666666666667 8 1 11 3 2 0 1 18 324 6 0
"1345" NA 7 1 7 2 3 0 1 78 6084 1 1
"1346" 5.66666666666667 6.33333333333333 0 12 1 2 0 0 51 2601 2 0
"1347" 4.66666666666667 6.66666666666667 1 7 3 2 0 0 70 4900 6 3
"1348" 3.66666666666667 7.33333333333333 0 9 6 3 0 0 51 2601 2 1
"1349" 3.66666666666667 4.33333333333333 1 12 5 2 0 1 58 3364 4 3
"1350" 9 NA NA 10 6 1 0 0 69 4761 0 NA
"1351" 4.66666666666667 6 1 18 5 3 0 1 70 4900 3 2
"1352" 6.33333333333333 5 NA 10 7 3 0 0 16 256 3 0
"1353" 6.33333333333333 9 0 14 7 3 1 0 34 1156 3 2
"1354" 4.33333333333333 4.33333333333333 0 20 4 3 0 0 68 4624 2 2
"1355" 3.33333333333333 4 0 9 5 3 0 0 53 2809 4 2
"1356" 4.33333333333333 4.66666666666667 0 15 4 2 0 1 44 1936 3 1
"1357" 6 5.66666666666667 0 13 4 3 0 1 31 961 7 2
"1358" 3.66666666666667 6 0 12 8 3 0 0 32 1024 1 1
"1359" 5.33333333333333 6.66666666666667 0 9 8 1 1 0 42 1764 7 3
"1360" 6.33333333333333 8 NA 11 5 2 0 0 41 1681 3 1
"1361" 6.33333333333333 4.66666666666667 0 15 3 3 0 1 51 2601 2 2
"1362" 5 5 0 15 4 2 0 1 49 2401 7 3
"1363" 2 5.66666666666667 NA 14 2 2 1 0 54 2916 7 5
"1364" 4.66666666666667 4 0 17 2 3 0 1 25 625 1 1
"1365" NA 9 NA 15 4 3 0 1 39 1521 5 1
"1366" 4.33333333333333 7.33333333333333 1 13 1 3 0 0 19 361 4 2
"1367" 5 6.66666666666667 0 10 1 1 0 1 65 4225 7 2
"1368" 3 4.33333333333333 0 15 5 3 0 0 52 2704 4 2
"1369" NA 8.66666666666667 0 9 2 3 0 1 67 4489 6 3
"1370" 5.33333333333333 5.66666666666667 0 13 1 1 0 0 20 400 5 1
"1371" 5.33333333333333 6.33333333333333 0 9 1 1 0 1 69 4761 4 3
"1372" 4.33333333333333 5.33333333333333 1 12 1 2 0 0 18 324 4 1
"1373" 7.33333333333333 6.66666666666667 0 11 4 3 0 0 61 3721 4 4
"1374" 6.33333333333333 5.66666666666667 NA 11 4 3 0 0 17 289 3 0
"1375" 3.33333333333333 7 1 10 5 3 0 0 25 625 7 0
"1376" 3.33333333333333 4.66666666666667 0 14 6 3 0 1 55 3025 4 2
"1377" 4 4 1 15 4 2 0 1 21 441 3 3
"1378" 5 8 0 11 2 2 0 0 36 1296 4 1
"1379" 4.33333333333333 4.66666666666667 0 12 7 3 0 1 56 3136 3 2
"1380" 6.33333333333333 6.66666666666667 1 12 10 3 0 1 51 2601 2 0
"1381" 4 5.66666666666667 0 9 3 2 0 1 80 6400 5 2
"1382" 4.66666666666667 5.33333333333333 1 12 1 2 0 1 63 3969 3 2
"1383" 5.66666666666667 6.33333333333333 0 13 1 2 0 1 19 361 4 1
"1384" 5.66666666666667 5.66666666666667 1 15 3 3 0 0 81 6561 6 3
"1385" 9 9.66666666666667 0 13 2 3 0 0 63 3969 4 4
"1386" 3.66666666666667 5.66666666666667 1 18 1 2 1 1 28 784 1 2
"1387" 2.33333333333333 4.66666666666667 0 12 3 2 0 0 55 3025 7 2
"1388" 3.33333333333333 5 1 14 8 2 0 1 48 2304 4 2
"1389" 9.33333333333333 9.66666666666667 1 11 8 3 0 0 55 3025 7 1
"1390" 4.33333333333333 4.66666666666667 0 16 9 3 0 1 40 1600 4 3
"1391" 4.33333333333333 3 0 18 10 3 1 0 52 2704 4 2
"1392" 0.666666666666666 2 0 19 3 2 0 0 31 961 3 2
"1393" NA 3.66666666666667 0 13 9 3 0 1 67 4489 5 3
"1394" 8.33333333333333 9 0 13 4 1 0 1 32 1024 2 2
"1395" 4.66666666666667 6.33333333333333 1 10 2 3 0 1 67 4489 4 4
"1396" NA NA 0 19 6 3 0 1 61 3721 3 2
"1397" 4.33333333333333 4.66666666666667 NA 17 4 2 0 1 54 2916 3 2
"1398" 4.33333333333333 4.66666666666667 1 14 2 3 0 0 51 2601 4 2
"1399" 3.33333333333333 6 NA 13 1 1 0 1 20 400 4 1
"1400" 2.66666666666667 5.33333333333333 0 15 5 3 0 0 68 4624 2 1
"1401" 4.33333333333333 5.66666666666667 NA 9 NA 3 0 0 15 225 1 0
"1402" 5.33333333333333 5.66666666666667 0 13 9 3 0 1 51 2601 4 2
"1403" 6.66666666666667 7 0 13 NA 3 0 1 21 441 1 0
"1404" 4.33333333333333 6.33333333333333 1 9 1 2 0 1 68 4624 5 2
"1405" 3.66666666666667 5.33333333333333 0 13 6 3 1 0 38 1444 5 3
"1406" 4.66666666666667 4.33333333333333 0 16 8 3 0 1 75 5625 4 2
"1407" 6 6.33333333333333 0 12 4 2 0 1 42 1764 4 2
"1408" 3.66666666666667 5.66666666666667 0 15 4 2 0 1 61 3721 3 2
"1409" 4 6.66666666666667 1 8 4 2 0 1 70 4900 4 1
"1410" 3.66666666666667 3.33333333333333 NA 12 10 3 1 1 50 2500 1 1
"1411" 5.66666666666667 7.66666666666667 0 13 2 2 0 1 53 2809 5 1
"1412" 4.33333333333333 3.66666666666667 NA 10 NA 2 0 0 16 256 2 1
"1413" 3.33333333333333 4.33333333333333 0 16 8 3 0 0 33 1089 5 1
"1414" 3 4.33333333333333 0 16 8 2 0 0 32 1024 4 2
"1415" 3.66666666666667 7.33333333333333 0 9 6 2 0 0 61 3721 4 3
"1416" 4.66666666666667 6.66666666666667 1 9 5 2 0 0 15 225 3 1
"1417" 4 6 NA 21 8 3 0 1 32 1024 1 1
"1418" 5 6.33333333333333 0 8 8 3 0 1 85 7225 3 2
"1419" 6.66666666666667 7.33333333333333 1 13 NA 2 0 0 18 324 3 0
"1420" 6.33333333333333 7 0 17 2 2 0 1 24 576 2 0
"1421" 6 8.33333333333333 NA 10 7 3 1 0 46 2116 2 1
"1422" 6 8 0 13 3 2 0 0 37 1369 2 2
"1423" 6.33333333333333 7 0 10 4 2 0 1 48 2304 3 2
"1424" 4.66666666666667 5.33333333333333 1 20 1 1 1 0 54 2916 0 NA
"1425" 5.33333333333333 6 0 15 2 2 0 1 63 3969 6 3
"1426" 7 7.33333333333333 1 12 5 3 0 0 19 361 7 4
"1427" NA 8 NA 9 NA 2 0 0 88 7744 0 NA
"1428" 5.33333333333333 5.66666666666667 1 12 8 3 0 0 18 324 1 1
"1429" 3.66666666666667 6.33333333333333 0 NA NA NA 0 0 66 4356 2 2
"1430" 5 8 0 12 9 3 0 1 18 324 6 1
"1431" 3.66666666666667 3.66666666666667 0 11 5 2 0 1 61 3721 5 5
"1432" 4.66666666666667 5.66666666666667 1 7 3 2 0 1 79 6241 6 5
"1433" 2.66666666666667 5 0 16 10 3 0 1 43 1849 4 4
"1434" 2.66666666666667 5.33333333333333 0 12 3 3 0 0 48 2304 7 2
"1435" 4 5.33333333333333 1 13 8 2 0 0 28 784 6 3
"1436" 2.33333333333333 5 0 25 8 2 0 0 50 2500 4 3
